1 1 234 137 301 272
1 2 772 92 838 225
1 3 690 155 770 314
2 1 244 139 309 270
2 2 66 583 120 691
2 3 723 83 788 213
2 4 779 99 841 223
2 5 293 126 367 273
2 6 694 151 772 307
2 7 1018 229 1086 364
3 1 723 83 788 213
3 2 789 98 851 223
3 3 299 125 375 277
3 4 693 155 770 308
3 5 249 119 328 276
4 1 322 143 388 275
4 2 723 83 788 213
4 3 794 96 858 224
4 4 261 118 342 280
4 5 690 139 773 304
4 6 1015 223 1087 366
5 1 725 80 792 214
5 2 792 97 855 223
5 3 692 152 770 307
5 4 283 120 364 281
5 5 1015 223 1087 366
5 6 339 121 419 282
6 1 784 97 846 220
6 2 691 150 769 306
6 3 298 121 379 283
6 4 361 121 441 282
7 1 794 96 858 223
7 2 736 77 805 215
7 3 314 121 398 288
7 4 379 132 458 290
7 5 690 139 773 304
8 1 798 100 860 223
8 2 392 139 472 300
8 3 694 153 771 307
8 4 329 126 411 291
8 5 728 84 793 213
9 1 1015 301 1075 422
9 2 725 83 790 213
9 3 789 98 851 223
9 4 697 155 773 308
9 5 410 141 489 299
9 6 349 132 431 297
10 1 808 109 864 221
10 2 432 153 505 299
10 3 695 154 772 307
10 4 366 134 449 300
11 1 796 103 856 222
11 2 726 82 792 213
11 3 460 144 539 302
11 4 389 136 471 301
11 5 691 139 772 302
12 1 796 103 856 223
12 2 726 82 792 213
12 3 694 142 772 298
12 4 418 136 502 304
12 5 482 143 565 310
13 1 797 104 856 222
13 2 1168 423 1219 525
13 3 514 151 590 304
13 4 445 139 527 303
13 5 697 142 774 296
14 1 789 99 850 220
14 2 479 169 549 309
14 3 717 89 778 212
14 4 695 141 773 297
14 5 532 150 614 314
15 1 810 109 866 221
15 2 717 89 778 212
15 3 751 80 821 218
15 4 556 150 639 316
15 5 696 168 766 307
15 6 489 146 575 319
16 1 527 203 584 318
16 2 755 82 823 218
16 3 805 98 867 222
16 4 975 167 1041 299
16 5 696 156 768 300
16 6 515 150 597 315
16 7 578 155 660 320
17 1 932 166 997 296
17 2 550 212 604 321
17 3 815 295 875 415
17 4 814 111 869 222
17 5 764 85 831 218
17 6 696 159 769 304
17 7 979 334 1051 477
17 8 531 147 619 323
17 9 592 158 675 324
18 1 764 84 830 216
18 2 695 153 771 304
18 3 623 159 706 325
18 4 962 302 1047 473
18 5 556 150 644 326
19 1 741 72 813 215
19 2 582 162 668 335
19 3 644 161 731 335
19 4 766 312 851 482
20 1 757 333 822 462
20 2 65 579 118 685
20 3 737 78 805 214
20 4 610 161 698 337
20 5 672 152 762 332
21 1 785 308 850 438
21 2 636 170 723 345
21 3 695 174 781 346
21 4 720 275 810 455
22 1 806 100 867 223
23 1 800 101 860 222
23 2 588 132 647 250
24 1 715 155 772 269
24 2 642 164 705 290
24 3 810 97 873 223
24 4 742 74 813 215
25 1 740 246 797 360
25 2 776 90 836 211
25 3 672 86 758 259
26 1 571 155 629 272
26 2 709 170 765 282
26 3 949 167 1009 287
26 4 580 280 637 394
26 5 812 120 861 218
26 6 767 198 852 369
26 7 643 86 729 259
26 8 561 173 653 357
27 1 692 168 747 278
27 2 630 173 694 300
27 3 723 78 791 214
27 4 766 92 830 220
27 5 792 194 855 320
27 6 615 93 695 254
27 7 525 166 618 353
28 1 569 91 648 250
28 2 514 218 594 378
28 3 682 218 762 379
29 1 812 120 861 218
29 2 658 156 711 263
29 3 690 147 754 274
29 4 928 249 996 386
29 5 917 215 975 332
29 6 661 245 719 361
29 7 751 80 821 218
29 8 808 98 871 224
29 9 644 155 719 305
29 10 494 185 583 364
30 1 643 216 712 355
30 2 812 120 861 218
30 3 754 82 822 218
30 4 808 98 871 224
30 5 695 141 773 297
30 6 9 144 85 296
30 7 475 201 558 366
31 1 979 224 1037 340
31 2 997 276 1057 397
31 3 65 578 116 680
31 4 816 120 864 216
31 5 756 86 820 213
31 6 618 143 697 302
31 7 551 142 620 279
31 8 29 150 104 299
31 9 689 149 771 312
31 10 955 187 1035 348
31 11 466 171 554 347
32 1 760 82 826 213
32 2 966 292 1025 411
32 3 462 179 542 340
32 4 1022 223 1086 351
32 5 52 154 130 311
32 6 692 150 772 311
32 7 607 139 691 307
32 8 533 165 622 344
32 9 926 218 1019 405
33 1 761 84 826 214
33 2 461 180 538 334
33 3 973 282 1039 415
33 4 63 573 117 681
33 5 595 126 678 292
33 6 692 150 772 311
33 7 514 163 600 335
33 8 5 138 93 313
34 1 507 183 580 329
34 2 1004 215 1057 322
34 3 1044 314 1096 417
34 4 775 85 839 213
34 5 34 156 114 317
34 6 583 140 665 305
34 7 441 156 527 328
34 8 392 72 483 255
35 1 773 86 836 212
35 2 572 157 648 309
35 3 66 573 120 681
35 4 711 177 762 279
35 5 362 72 442 232
35 6 139 172 215 324
35 7 435 173 510 324
35 8 1052 296 1126 445
35 9 491 157 575 325
36 1 66 573 120 681
36 2 774 85 838 213
36 3 176 159 254 315
36 4 545 130 628 295
36 5 419 150 503 318
37 1 537 160 608 302
37 2 407 155 482 306
37 3 216 170 290 319
37 4 66 573 120 681
37 5 774 86 838 213
37 6 462 155 539 310
37 7 168 189 237 326
38 1 550 14 601 116
38 2 961 178 1013 282
38 3 774 86 838 213
38 4 448 166 517 303
38 5 251 166 330 324
38 6 188 171 268 331
38 7 393 141 473 302
38 8 513 112 596 278
38 9 435 120 525 300
39 1 769 85 834 214
39 2 430 189 483 295
39 3 497 129 570 275
39 4 372 147 450 303
39 5 289 173 373 340
39 6 225 169 312 343
39 7 685 136 774 314
40 1 476 142 547 283
40 2 769 85 834 214
40 3 332 190 407 340
40 4 690 148 772 312
40 5 251 162 339 338
40 6 394 116 486 302
41 1 772 85 836 213
41 2 466 175 519 281
41 3 965 179 1018 285
41 4 692 151 772 311
41 5 366 182 449 348
41 6 442 102 530 279
41 7 285 165 375 345
42 1 1214 0 1266 104
42 2 449 180 500 282
42 3 768 86 832 214
42 4 406 200 482 352
42 5 267 72 332 203
42 6 324 184 411 359
42 7 425 113 510 283
42 8 685 136 774 314
43 1 772 90 835 217
43 2 303 137 373 277
43 3 965 179 1018 285
43 4 696 153 776 312
43 5 437 191 522 361
43 6 404 109 486 273
44 1 397 103 454 218
44 2 955 171 1012 286
44 3 773 89 836 215
44 4 821 120 870 218
44 5 704 170 774 309
44 6 470 162 550 321
44 7 468 202 552 371
44 8 688 136 777 314
44 9 395 165 485 345
45 1 389 162 441 265
45 2 966 180 1018 284
45 3 1214 0 1266 104
45 4 774 90 836 214
45 5 257 112 336 270
45 6 938 164 998 285
45 7 439 217 521 380
45 8 810 96 874 224
45 9 504 218 583 376
45 10 314 101 398 269
45 11 367 94 456 273
45 12 685 136 774 314
46 1 774 85 839 214
46 2 694 154 772 310
46 3 533 226 614 388
46 4 350 83 435 253
46 5 294 103 376 267
46 6 240 95 325 266
46 7 463 166 556 353
47 1 231 119 301 260
47 2 512 198 565 304
47 3 966 181 1018 285
47 4 273 107 339 238
47 5 694 152 774 311
47 6 573 175 645 318
47 7 573 246 645 389
47 8 772 88 836 216
47 9 337 85 421 253
47 10 573 210 661 387
47 11 510 183 602 367
48 1 225 112 297 257
48 2 966 180 1018 284
48 3 773 87 836 213
48 4 312 82 395 248
48 5 694 152 773 311
48 6 559 236 644 406
49 1 768 86 831 212
49 2 654 252 730 405
49 3 62 571 118 683
49 4 961 178 1013 282
49 5 224 91 307 258
49 6 300 68 389 247
50 1 186 114 253 248
50 2 961 178 1013 282
50 3 62 571 118 683
50 4 770 84 835 213
50 5 234 101 294 222
50 6 282 89 361 246
50 7 24 141 110 313
50 8 618 247 707 425
51 1 265 96 334 233
51 2 654 318 712 435
51 3 771 81 837 213
51 4 230 139 282 243
51 5 635 206 703 341
51 6 739 260 822 427
51 7 638 204 730 388
52 1 961 178 1013 282
52 2 254 96 325 238
52 3 769 81 835 213
52 4 674 226 730 339
52 5 784 274 864 434
52 6 688 267 779 450
53 1 965 180 1016 282
53 2 764 79 832 214
53 3 208 151 292 319
54 1 172 215 226 323
54 2 772 346 834 470
54 3 768 86 831 212
54 4 692 150 770 305
54 5 166 145 255 323
54 6 241 153 326 324
54 7 766 290 856 470
55 1 812 120 861 218
55 2 769 87 832 213
55 3 692 149 771 306
55 4 280 163 363 330
56 1 766 86 829 213
56 2 965 180 1016 282
56 3 689 138 773 306
56 4 320 160 408 336
56 5 966 315 1051 486
56 6 242 162 331 340
57 1 769 89 832 214
57 2 204 106 261 220
57 3 349 191 421 334
57 4 685 138 773 313
58 1 766 90 828 213
58 2 318 235 375 350
58 3 685 138 773 313
58 4 378 175 465 350
58 5 964 387 1054 567
58 6 301 164 392 347
59 1 765 89 828 215
59 2 186 115 237 217
59 3 1016 330 1067 432
59 4 1058 395 1109 497
59 5 689 138 773 306
59 6 410 167 497 341
59 7 323 174 414 357
60 1 766 86 830 214
60 2 363 243 421 360
60 3 689 138 773 306
60 4 445 179 533 356
61 1 765 88 828 214
61 2 416 187 465 285
61 3 689 138 773 306
61 4 465 188 556 370
62 1 433 259 492 377
62 2 761 82 828 215
62 3 693 148 773 307
62 4 495 198 584 377
62 5 422 192 515 379
63 1 762 81 829 215
63 2 691 147 771 307
63 3 525 202 615 382
64 1 761 86 825 214
64 2 691 147 771 307
64 3 551 206 641 386
65 1 64 575 117 682
65 2 764 82 829 212
65 3 694 150 772 306
65 4 586 225 674 401
65 5 480 180 570 360
66 1 766 87 828 212
66 2 514 289 576 413
66 3 64 575 117 682
66 4 711 177 762 279
66 5 705 168 774 306
66 6 690 135 780 315
66 7 607 219 699 403
67 1 771 84 835 212
67 2 64 572 119 682
67 3 711 177 762 279
67 4 530 280 605 430
67 5 634 228 726 414
68 1 64 572 119 682
68 2 770 86 833 212
68 3 961 176 1014 282
68 4 556 308 620 436
68 5 694 135 765 277
69 1 774 86 837 212
69 2 961 176 1014 282
69 3 64 572 119 682
69 4 690 263 780 443
70 1 775 84 839 213
70 2 708 169 762 277
70 3 628 318 698 457
70 4 64 572 119 682
70 5 932 166 990 281
71 1 62 571 118 683
71 2 777 85 841 213
71 3 961 176 1014 282
71 4 658 353 716 469
71 5 696 131 768 274
71 6 759 294 846 468
72 1 776 85 840 213
72 2 961 176 1014 282
72 3 718 330 793 479
72 4 64 572 119 682
72 5 933 164 991 280
73 1 773 87 835 212
73 2 961 176 1014 282
73 3 64 572 119 682
73 4 691 151 771 310
74 1 774 85 838 213
74 2 64 572 119 682
74 3 814 352 891 505
74 4 684 141 769 312
75 1 64 572 119 682
75 2 775 84 839 213
75 3 683 137 771 313
76 1 771 83 836 212
76 2 191 192 245 300
76 3 62 571 118 683
76 4 704 167 775 309
76 5 907 368 992 538
76 6 685 136 774 314
77 1 214 194 270 306
77 2 64 572 119 682
77 3 773 84 838 214
77 4 94 204 162 340
77 5 154 165 232 320
77 6 683 135 773 315
78 1 775 84 839 213
78 2 238 193 296 310
78 3 1026 304 1088 428
78 4 64 572 119 682
78 5 692 151 772 311
79 1 266 197 325 314
79 2 64 572 119 682
79 3 775 84 839 213
79 4 214 183 285 324
79 5 692 153 770 310
80 1 294 206 351 321
80 2 64 572 119 682
80 3 961 176 1014 282
80 4 775 84 839 213
80 5 693 153 771 309
80 6 214 134 294 295
80 7 234 165 317 330
81 1 775 84 839 213
81 2 325 213 384 332
81 3 64 572 119 682
81 4 690 152 770 311
81 5 262 171 345 337
82 1 709 173 762 280
82 2 360 209 425 338
82 3 64 572 119 682
82 4 774 84 839 213
82 5 186 129 271 300
82 6 255 135 345 315
82 7 683 140 769 313
83 1 709 173 762 280
83 2 222 201 279 314
83 3 394 224 454 343
83 4 64 572 119 682
83 5 773 85 837 214
83 6 324 182 408 350
83 7 683 140 769 313
84 1 775 85 839 213
84 2 419 234 477 350
84 3 64 572 119 682
84 4 709 173 762 280
84 5 364 213 438 361
84 6 683 140 769 313
85 1 698 158 769 300
85 2 278 206 340 329
85 3 445 228 512 362
85 4 64 572 119 682
85 5 775 84 839 213
85 6 342 177 417 327
85 7 392 208 472 368
86 1 775 84 839 213
86 2 302 210 364 334
86 3 481 240 546 369
86 4 64 572 119 682
86 5 698 159 769 300
86 6 431 228 505 377
86 7 376 170 458 334
87 1 698 159 769 300
87 2 64 572 119 682
87 3 775 84 839 213
87 4 521 247 585 375
87 5 402 184 481 343
87 6 457 222 539 386
88 1 698 158 770 301
88 2 64 572 119 682
88 3 775 84 839 213
88 4 961 176 1014 282
88 5 351 220 415 348
88 6 552 252 620 387
88 7 489 235 567 392
89 1 709 171 762 278
89 2 64 572 119 682
89 3 774 84 838 212
89 4 591 258 662 400
89 5 702 168 772 307
89 6 388 162 470 325
89 7 688 136 777 314
89 8 527 240 609 404
90 1 774 83 839 213
90 2 516 144 576 265
90 3 961 176 1014 282
90 4 64 572 119 682
90 5 692 153 770 310
90 6 570 251 651 412
90 7 633 263 706 410
90 8 495 82 587 266
91 1 774 83 839 213
91 2 63 572 117 680
91 3 709 171 762 278
91 4 679 288 743 417
91 5 604 254 689 425
92 1 961 176 1014 282
92 2 664 334 716 437
92 3 63 572 117 680
92 4 772 82 837 213
92 5 935 172 989 280
92 6 708 286 780 429
93 1 64 572 119 682
93 2 766 90 827 212
93 3 689 286 771 449
94 1 63 573 117 681
94 2 767 84 832 213
94 3 556 261 628 405
94 4 791 299 873 463
94 5 715 291 804 469
95 1 942 169 998 282
95 2 780 335 850 474
95 3 767 85 831 213
95 4 586 255 671 425
96 1 771 84 836 213
96 2 956 173 1011 283
96 3 62 574 115 680
96 4 1212 0 1261 98
96 5 810 314 895 485
97 1 769 82 834 212
97 2 63 573 117 681
97 3 938 360 1004 492
98 1 766 90 827 212
98 2 702 141 754 246
98 3 713 295 779 427
98 4 63 573 117 681
98 5 782 244 869 418
99 1 741 242 795 350
99 2 63 573 117 681
99 3 712 179 761 277
99 4 773 83 838 213
100 1 64 572 119 682
100 2 771 87 834 212
100 3 691 150 771 310
101 1 63 573 117 681
101 2 765 84 830 213
101 3 692 150 772 310
101 4 938 278 1025 453
102 1 763 84 828 213
102 2 1005 372 1065 493
102 3 63 573 117 681
102 4 693 152 772 310
103 1 772 82 838 213
103 2 63 573 117 681
103 3 691 154 769 309
104 1 772 82 838 213
104 2 63 573 117 681
104 3 689 150 769 309
105 1 63 573 117 681
105 2 771 83 836 213
105 3 691 152 770 309
106 1 769 87 832 213
106 2 64 575 117 682
106 3 691 154 769 309
107 1 961 180 1011 280
107 2 66 573 120 681
107 3 768 86 831 212
107 4 692 154 770 310
108 1 66 573 120 681
108 2 769 85 834 214
108 3 961 180 1011 280
108 4 692 154 770 310
109 1 961 178 1013 282
109 2 64 572 119 682
109 3 768 87 831 213
109 4 690 148 772 312
110 1 961 178 1013 282
110 2 64 572 119 682
110 3 769 90 830 213
110 4 691 148 771 307
111 1 63 576 115 681
111 2 767 88 830 213
111 3 961 180 1011 280
111 4 690 148 772 312
112 1 767 88 830 213
112 2 64 572 119 682
112 3 961 180 1011 280
112 4 692 154 770 310
113 1 766 88 828 213
113 2 63 573 117 681
113 3 961 180 1012 282
113 4 691 154 769 309
114 1 959 180 1010 282
114 2 63 576 115 681
114 3 767 87 831 214
114 4 692 152 772 311
115 1 767 87 831 214
115 2 812 120 861 218
115 3 959 180 1010 282
115 4 65 578 116 680
115 5 689 149 771 312
116 1 812 120 861 218
116 2 959 180 1010 282
116 3 65 578 116 680
116 4 766 88 829 215
116 5 692 151 772 311
117 1 65 578 116 680
117 2 767 86 831 213
117 3 692 151 772 311
118 1 961 180 1012 282
118 2 63 576 115 681
118 3 764 86 828 214
118 4 692 153 769 307
119 1 961 180 1012 282
119 2 63 576 115 681
119 3 764 84 829 214
119 4 692 152 768 304
120 1 961 180 1012 282
120 2 63 576 115 681
120 3 761 85 825 213
120 4 694 151 770 303
121 1 761 85 825 213
121 2 63 576 115 681
121 3 696 158 766 298
121 4 961 180 1012 282
122 1 184 106 241 219
122 2 63 576 115 681
122 3 761 85 825 213
122 4 812 120 861 218
122 5 691 147 770 304
123 1 959 180 1010 282
123 2 63 576 115 681
123 3 812 120 861 218
123 4 766 85 830 213
123 5 693 149 771 305
124 1 812 120 861 218
124 2 765 85 829 213
124 3 217 75 293 227
124 4 692 155 769 309
125 1 236 93 301 223
125 2 765 85 829 213
125 3 63 576 115 681
125 4 691 152 768 307
126 1 63 573 117 681
126 2 764 86 827 213
126 3 249 79 325 232
126 4 693 151 773 311
127 1 777 156 833 269
127 2 64 572 119 682
127 3 961 180 1011 280
127 4 274 91 346 236
127 5 694 153 772 310
128 1 774 84 839 213
128 2 961 178 1013 282
128 3 63 576 115 681
128 4 709 174 761 278
128 5 297 90 372 240
128 6 689 156 765 308
128 7 717 97 806 276
129 1 323 100 396 246
129 2 696 141 767 283
129 3 770 82 836 213
129 4 818 120 867 218
130 1 771 85 835 213
130 2 961 176 1014 282
130 3 64 572 119 682
130 4 689 159 763 306
130 5 344 90 424 250
131 1 771 84 836 213
131 2 961 178 1013 282
131 3 694 156 770 307
131 4 366 91 448 255
132 1 772 86 835 213
132 2 961 176 1014 282
132 3 62 571 118 683
132 4 392 106 470 261
132 5 606 92 684 249
132 6 696 160 770 308
133 1 698 158 768 299
133 2 961 176 1014 282
133 3 62 571 118 683
133 4 770 84 834 212
133 5 419 110 496 264
134 1 961 176 1014 282
134 2 771 85 835 213
134 3 452 112 529 267
134 4 551 87 626 237
134 5 694 156 770 308
135 1 961 176 1014 282
135 2 771 86 834 212
135 3 478 115 557 274
135 4 694 156 770 308
136 1 514 145 581 278
136 2 961 176 1014 282
136 3 770 85 834 213
136 4 696 155 773 308
137 1 770 84 834 212
137 2 549 151 617 286
137 3 961 178 1013 282
137 4 695 155 772 308
138 1 710 174 762 279
138 2 961 177 1012 279
138 3 576 146 647 288
138 4 770 85 834 213
138 5 442 76 518 228
139 1 771 85 835 214
139 2 425 88 491 219
139 3 706 169 763 284
139 4 961 177 1012 279
139 5 602 153 673 295
140 1 770 85 834 213
140 2 396 79 467 221
140 3 709 172 761 277
140 4 961 176 1014 282
140 5 174 109 249 259
140 6 634 137 717 303
140 7 698 162 771 308
141 1 679 164 749 304
141 2 769 90 829 211
141 3 961 176 1013 280
141 4 190 116 264 264
142 1 766 87 828 212
142 2 708 167 781 314
142 3 206 120 279 265
143 1 774 92 833 211
143 2 961 176 1014 282
143 3 227 115 306 274
143 4 734 148 821 322
144 1 179 144 245 276
144 2 777 166 860 333
144 3 692 156 768 308
144 4 252 112 334 275
145 1 767 89 828 211
145 2 694 156 766 300
145 3 961 176 1014 282
145 4 198 105 282 274
145 5 272 116 355 282
146 1 771 84 835 212
146 2 296 129 374 286
146 3 60 573 114 681
146 4 691 159 765 307
146 5 226 105 314 281
147 1 770 84 834 212
147 2 928 242 982 351
147 3 60 573 114 681
147 4 310 123 393 289
147 5 692 157 768 308
147 6 919 180 1006 355
147 7 165 105 255 285
148 1 775 85 839 213
148 2 296 182 348 287
148 3 60 573 114 681
148 4 189 107 276 282
148 5 332 133 412 293
148 6 689 155 765 307
149 1 770 86 833 212
149 2 60 573 114 681
149 3 348 138 428 297
149 4 211 115 300 293
149 5 691 151 771 310
150 1 767 91 827 211
150 2 696 159 766 299
150 3 60 573 114 681
150 4 991 244 1063 387
150 5 224 106 315 289
151 1 697 161 765 297
151 2 60 573 114 681
151 3 771 91 831 211
151 4 387 145 467 304
151 5 932 98 994 222
151 6 246 145 324 302
152 1 62 574 115 680
152 2 767 89 828 211
152 3 937 235 1002 364
152 4 694 157 770 308
152 5 413 141 498 311
152 6 255 115 345 295
152 7 931 190 1021 370
153 1 772 91 832 212
153 2 60 573 114 681
153 3 1014 187 1064 287
153 4 693 156 769 307
153 5 437 147 522 318
153 6 964 276 1044 437
153 7 277 130 368 312
153 8 383 130 474 312
154 1 773 86 836 212
154 2 319 197 379 318
154 3 60 573 114 681
154 4 819 174 869 274
154 5 945 319 996 421
154 6 696 162 769 307
154 7 467 148 552 319
155 1 343 202 404 324
155 2 693 158 768 308
155 3 432 157 518 329
155 4 495 161 579 330
155 5 339 132 431 316
155 6 766 155 856 335
156 1 773 93 833 214
156 2 955 266 1027 410
156 3 522 152 610 328
156 4 790 161 878 338
156 5 450 145 540 325
156 6 733 151 826 338
157 1 768 186 839 329
157 2 400 190 475 340
157 3 696 146 783 321
157 4 401 140 494 327
157 5 550 162 640 342
157 6 481 168 568 342
158 1 585 153 646 275
158 2 579 200 646 335
158 3 514 212 577 338
158 4 63 573 117 681
158 5 813 339 891 494
158 6 656 150 746 330
158 7 504 161 597 348
158 8 430 143 525 334
159 1 627 160 705 316
159 2 64 572 119 682
159 3 764 256 828 384
159 4 784 338 854 478
159 5 705 120 794 298
159 6 536 161 629 348
160 1 735 341 798 467
160 2 64 572 119 682
160 3 500 228 566 359
160 4 592 221 658 352
160 5 647 178 738 361
160 6 936 290 1026 470
161 1 682 235 744 359
161 2 543 169 595 273
161 3 961 176 1014 282
161 4 902 306 958 418
161 5 575 229 643 364
161 6 705 328 772 461
161 7 651 118 737 291
161 8 592 183 684 367
161 9 969 296 1058 474
162 1 637 228 699 352
162 2 583 252 641 368
162 3 961 176 1014 282
162 4 658 319 724 451
162 5 767 90 835 226
162 6 535 121 621 293
162 7 919 313 1004 484
163 1 731 176 783 281
163 2 634 320 692 436
163 3 63 573 117 681
163 4 509 124 591 289
163 5 564 133 642 289
163 6 750 285 833 451
163 7 604 103 682 258
163 8 585 181 668 348
164 1 772 94 830 210
164 2 677 270 730 377
164 3 63 573 117 681
164 4 829 344 880 446
164 5 578 294 645 427
164 6 576 102 656 262
164 7 482 126 565 291
165 1 608 138 666 255
165 2 541 219 596 330
165 3 63 573 117 681
165 4 766 91 828 215
165 5 550 103 625 252
165 6 451 116 531 277
165 7 530 181 608 337
165 8 776 281 855 439
165 9 644 265 730 437
165 10 617 88 700 255
165 11 541 227 634 414
166 1 517 208 573 320
166 2 668 233 721 339
166 3 905 287 959 395
166 4 534 285 596 408
166 5 528 99 605 253
166 6 573 103 642 241
166 7 606 101 682 253
166 8 415 111 500 281
166 9 599 260 684 430
166 10 727 276 811 444
166 11 485 125 561 278
166 12 521 212 615 400
167 1 493 215 547 323
167 2 940 219 996 331
167 3 930 264 992 387
167 4 502 290 553 392
167 5 767 92 827 213
167 6 390 113 469 271
167 7 458 129 529 271
167 8 572 90 647 240
167 9 927 191 999 334
167 10 681 263 763 427
167 11 489 208 582 395
168 1 707 172 760 278
168 2 994 302 1049 411
168 3 539 306 597 422
168 4 809 311 862 418
168 5 63 576 115 681
168 6 767 90 828 213
168 7 425 112 499 260
168 8 480 265 543 391
168 9 454 161 526 304
168 10 652 262 730 418
168 11 540 85 618 240
168 12 364 102 447 268
168 13 967 189 1044 344
168 14 526 232 618 418
169 1 766 89 828 212
169 2 941 310 1000 428
169 3 63 573 117 681
169 4 710 179 760 278
169 5 454 105 522 240
169 6 341 103 423 266
169 7 391 105 471 264
169 8 632 246 707 396
169 9 800 279 876 431
169 10 704 167 769 297
169 11 551 134 636 305
169 12 495 225 585 405
170 1 767 92 827 213
170 2 437 105 494 219
170 3 981 319 1038 434
170 4 365 106 443 263
170 5 319 97 397 254
170 6 478 227 565 402
170 7 594 245 674 406
171 1 485 285 536 387
171 2 1017 336 1070 442
171 3 767 92 827 213
171 4 345 107 417 251
171 5 706 169 765 288
171 6 520 78 585 208
171 7 290 93 370 254
171 8 20 143 96 295
171 9 556 240 632 392
172 1 771 88 834 213
172 2 698 161 765 295
172 3 531 224 595 352
172 4 522 234 598 386
172 5 270 93 350 252
172 6 904 182 984 342
172 7 453 202 537 371
172 8 304 78 392 255
173 1 454 132 513 250
173 2 698 162 764 294
173 3 102 237 153 339
173 4 765 87 827 211
173 5 292 106 363 249
173 6 497 231 567 371
173 7 243 91 321 247
173 8 392 113 468 265
173 9 439 201 521 365
173 10 949 189 1033 356
173 11 922 307 1002 468
174 1 766 87 828 211
174 2 391 107 442 209
174 3 270 108 338 245
174 4 697 161 764 295
174 5 418 218 474 330
174 6 971 356 1036 486
174 7 102 237 153 339
174 8 63 575 115 679
174 9 219 90 295 242
174 10 416 198 494 354
174 11 470 217 548 372
175 1 62 574 114 678
175 2 696 160 765 297
175 3 961 177 1011 277
175 4 768 91 828 211
175 5 245 88 320 238
175 6 452 221 520 358
175 7 696 131 768 274
175 8 992 332 1072 492
175 9 196 94 268 238
175 10 397 184 482 354
176 1 772 91 832 212
176 2 228 97 296 233
176 3 697 159 766 296
176 4 395 236 447 341
176 5 443 206 515 351
176 6 62 575 113 677
176 7 696 131 768 274
176 8 190 140 276 312
176 9 378 179 462 348
176 10 463 152 551 328
177 1 365 71 419 179
177 2 774 91 834 211
177 3 378 120 431 226
177 4 699 162 766 295
177 5 433 192 506 339
177 6 1158 408 1215 522
177 7 62 574 114 678
177 8 215 155 293 312
177 9 360 168 443 334
177 10 696 131 768 274
177 11 150 157 233 322
178 1 64 576 115 678
178 2 771 91 831 211
178 3 180 182 250 323
178 4 240 145 320 305
178 5 424 136 511 310
178 6 692 156 768 308
178 7 345 172 427 336
179 1 63 574 115 679
179 2 768 87 831 212
179 3 328 164 406 319
179 4 692 155 769 309
179 5 199 161 282 328
179 6 392 133 482 313
180 1 767 86 830 213
180 2 62 574 114 678
180 3 196 224 249 331
180 4 376 129 460 298
180 5 690 154 768 309
180 6 228 167 314 340
180 7 290 153 377 327
181 1 765 94 823 210
181 2 265 181 345 340
181 3 61 574 113 679
181 4 360 135 428 270
181 5 689 154 767 309
182 1 363 228 419 340
182 2 770 93 828 210
182 3 206 124 293 298
182 4 637 144 725 321
183 1 186 142 258 286
183 2 698 200 758 320
183 3 62 574 114 678
183 4 769 92 828 211
183 5 253 150 325 294
183 6 311 197 389 353
183 7 538 125 624 297
183 8 664 136 755 318
183 9 375 161 468 348
184 1 767 92 826 210
184 2 168 160 230 285
184 3 289 173 353 301
184 4 63 574 115 679
184 5 230 145 301 287
184 6 351 197 431 358
184 7 563 119 647 288
185 1 765 91 825 211
185 2 270 168 333 293
185 3 934 163 998 291
185 4 380 239 441 361
185 5 445 228 513 363
185 6 63 574 115 679
185 7 207 145 279 288
185 8 690 153 768 309
185 9 234 109 323 287
185 10 368 198 453 368
185 11 447 176 541 364
186 1 769 90 829 211
186 2 241 163 302 285
186 3 62 574 114 678
186 4 691 153 769 310
186 5 485 210 565 369
186 6 342 82 429 257
186 7 398 203 482 370
187 1 767 91 827 211
187 2 211 162 272 283
187 3 959 176 1013 284
187 4 63 574 115 679
187 5 227 85 300 231
187 6 688 151 768 310
187 7 443 282 511 417
188 1 764 88 826 211
188 2 180 160 237 275
188 3 706 172 760 279
188 4 479 246 542 373
188 5 63 574 115 679
188 6 692 158 767 308
188 7 513 216 597 385
189 1 763 92 822 210
189 2 52 160 104 264
189 3 959 180 1010 282
189 4 699 168 770 308
189 5 531 217 619 394
190 1 701 144 750 242
190 2 702 211 753 313
190 3 25 145 86 266
190 4 764 131 836 274
190 5 682 161 762 322
191 1 62 574 114 678
191 2 711 220 762 322
191 3 630 251 708 407
191 4 569 173 651 337
192 1 767 87 830 212
192 2 62 574 114 678
192 3 623 132 706 299
192 4 609 248 695 420
193 1 763 90 824 212
193 2 655 308 711 420
193 3 62 574 114 678
193 4 959 180 1010 282
193 5 512 123 591 282
193 6 648 167 720 310
193 7 766 245 856 425
194 1 63 574 115 679
194 2 766 89 828 212
194 3 821 316 873 420
194 4 688 297 758 437
194 5 644 111 716 254
194 6 401 107 487 279
194 7 686 161 765 319
195 1 762 88 824 212
195 2 63 576 115 681
195 3 304 87 389 257
196 1 959 180 1010 282
196 2 758 331 818 450
196 3 63 576 115 681
196 4 764 86 827 212
196 5 216 87 297 249
196 6 685 155 762 309
197 1 761 84 825 212
197 2 63 576 115 681
197 3 556 112 623 247
197 4 937 330 1001 458
197 5 689 149 771 312
198 1 61 576 114 682
198 2 760 86 823 213
198 3 691 151 771 311
198 4 978 302 1063 472
199 1 1041 357 1095 465
199 2 762 90 823 212
199 3 61 576 114 682
199 4 690 152 770 311
199 5 1042 318 1124 482
200 1 761 85 825 213
200 2 1076 366 1134 481
200 3 692 154 768 306
201 1 760 85 824 212
201 2 812 120 861 218
201 3 959 180 1010 282
201 4 696 171 765 308
201 5 683 135 773 315
202 1 957 181 1009 285
202 2 766 91 827 213
202 3 812 120 861 218
202 4 692 154 768 306
203 1 762 91 823 213
203 2 62 581 113 683
203 3 812 120 861 218
203 4 692 154 768 306
204 1 812 120 861 218
204 2 959 180 1010 282
204 3 762 87 825 213
204 4 61 576 114 682
204 5 382 82 453 223
204 6 699 168 770 308
204 7 680 135 770 315
205 1 959 180 1010 282
205 2 761 87 823 212
205 3 688 151 768 310
206 1 762 88 824 212
206 2 60 573 114 681
206 3 959 180 1010 282
206 4 690 155 767 309
207 1 763 87 826 212
207 2 689 151 769 311
208 1 767 86 830 213
208 2 62 574 115 680
208 3 690 155 767 309
209 1 765 88 827 212
209 2 62 574 114 678
209 3 687 157 762 307
210 1 766 88 828 212
210 2 61 574 113 679
210 3 687 156 762 306
211 1 763 86 826 212
211 2 59 574 112 680
211 3 689 158 764 308
212 1 762 90 823 212
212 2 58 574 112 682
212 3 959 180 1010 282
212 4 689 157 765 309
213 1 760 86 823 212
213 2 60 573 114 681
213 3 959 180 1010 282
213 4 690 158 765 308
214 1 762 88 824 211
214 2 60 573 114 681
214 3 959 180 1010 282
214 4 690 157 767 310
215 1 959 180 1010 282
215 2 761 87 823 212
215 3 689 158 765 309
216 1 812 120 861 218
216 2 959 180 1010 282
216 3 758 90 819 212
216 4 691 160 765 309
217 1 959 180 1010 282
217 2 812 120 861 218
217 3 757 86 820 212
217 4 697 172 764 306
217 5 680 135 770 315
218 1 759 91 819 211
218 2 959 180 1010 282
218 3 689 156 766 310
219 1 959 180 1010 282
219 2 757 91 817 211
219 3 689 156 766 310
220 1 755 87 817 212
220 2 959 180 1010 282
220 3 689 156 766 310
221 1 753 87 816 212
221 2 60 573 114 681
221 3 959 180 1010 282
221 4 689 156 766 310
222 1 761 91 821 211
222 2 689 154 767 311
223 1 812 120 861 218
223 2 959 180 1010 282
223 3 760 91 820 211
223 4 689 154 767 311
224 1 959 180 1010 282
224 2 60 573 114 681
224 3 761 87 823 212
224 4 689 153 765 304
225 1 762 83 827 213
225 2 59 574 112 680
225 3 102 237 153 339
225 4 689 154 767 309
226 1 58 574 112 682
226 2 764 87 826 212
226 3 691 157 767 308
227 1 764 87 826 212
227 2 59 571 114 682
227 3 692 160 762 300
228 1 768 87 831 212
228 2 57 570 113 682
228 3 686 157 760 305
229 1 58 574 112 682
229 2 766 85 829 212
229 3 686 154 763 308
1 1 234 137 301 272
1 2 772 92 838 225
1 3 690 155 770 314
2 1 244 139 309 270
2 2 66 583 120 691
2 3 723 83 788 213
2 4 779 99 841 223
2 5 293 126 367 273
2 6 694 151 772 307
2 7 1018 229 1086 364
3 1 723 83 788 213
3 2 789 98 851 223
3 3 299 125 375 277
3 4 693 155 770 308
3 5 249 119 328 276
4 1 322 143 388 275
4 2 723 83 788 213
4 3 794 96 858 224
4 4 261 118 342 280
4 5 690 139 773 304
4 6 1015 223 1087 366
5 1 725 80 792 214
5 2 283 120 364 281
5 3 692 152 770 307
5 4 1015 223 1087 366
5 5 792 97 855 223
5 6 339 121 419 282
6 1 784 97 846 220
6 2 298 121 379 283
6 3 691 150 769 306
6 4 361 121 441 282
7 1 794 96 858 223
7 2 736 77 805 215
7 3 379 132 458 290
7 4 690 139 773 304
7 5 314 121 398 288
8 1 798 100 860 223
8 2 728 84 793 213
8 3 329 126 411 291
8 4 392 139 472 300
8 5 694 153 771 307
9 1 1015 301 1075 422
9 2 725 83 790 213
9 3 789 98 851 223
9 4 410 141 489 299
9 5 697 155 773 308
9 6 349 132 431 297
10 1 808 109 864 221
10 2 432 153 505 299
10 3 366 134 449 300
10 4 695 154 772 307
11 1 796 103 856 222
11 2 726 82 792 213
11 3 460 144 539 302
11 4 389 136 471 301
11 5 691 139 772 302
12 1 796 103 856 223
12 2 726 82 792 213
12 3 694 142 772 298
12 4 418 136 502 304
12 5 482 143 565 310
13 1 797 104 856 222
13 2 1168 423 1219 525
13 3 514 151 590 304
13 4 445 139 527 303
13 5 697 142 774 296
14 1 789 99 850 220
14 2 479 169 549 309
14 3 717 89 778 212
14 4 695 141 773 297
14 5 532 150 614 314
15 1 810 109 866 221
15 2 717 89 778 212
15 3 751 80 821 218
15 4 556 150 639 316
15 5 696 168 766 307
15 6 489 146 575 319
16 1 527 203 584 318
16 2 755 82 823 218
16 3 515 150 597 315
16 4 696 156 768 300
16 5 975 167 1041 299
16 6 578 155 660 320
16 7 805 98 867 222
17 1 814 111 869 222
17 2 550 212 604 321
17 3 932 166 997 296
17 4 815 295 875 415
17 5 764 85 831 218
17 6 696 159 769 304
17 7 592 158 675 324
17 8 979 334 1051 477
17 9 531 147 619 323
18 1 764 84 830 216
18 2 695 153 771 304
18 3 623 159 706 325
18 4 962 302 1047 473
18 5 556 150 644 326
19 1 741 72 813 215
19 2 582 162 668 335
19 3 644 161 731 335
19 4 766 312 851 482
20 1 757 333 822 462
20 2 65 579 118 685
20 3 737 78 805 214
20 4 610 161 698 337
20 5 672 152 762 332
21 1 785 308 850 438
21 2 695 174 781 346
21 3 636 170 723 345
21 4 720 275 810 455
22 1 806 100 867 223
23 1 588 132 647 250
23 2 800 101 860 222
24 1 715 155 772 269
24 2 642 164 705 290
24 3 810 97 873 223
24 4 742 74 813 215
25 1 776 90 836 211
25 2 740 246 797 360
25 3 672 86 758 259
26 1 812 120 861 218
26 2 709 170 765 282
26 3 580 280 637 394
26 4 571 155 629 272
26 5 949 167 1009 287
26 6 643 86 729 259
26 7 767 198 852 369
26 8 561 173 653 357
27 1 692 168 747 278
27 2 630 173 694 300
27 3 723 78 791 214
27 4 766 92 830 220
27 5 792 194 855 320
27 6 615 93 695 254
27 7 525 166 618 353
28 1 569 91 648 250
28 2 514 218 594 378
28 3 682 218 762 379
29 1 690 147 754 274
29 2 658 156 711 263
29 3 917 215 975 332
29 4 661 245 719 361
29 5 928 249 996 386
29 6 812 120 861 218
29 7 808 98 871 224
29 8 751 80 821 218
29 9 644 155 719 305
29 10 494 185 583 364
30 1 643 216 712 355
30 2 754 82 822 218
30 3 808 98 871 224
30 4 812 120 861 218
30 5 695 141 773 297
30 6 475 201 558 366
30 7 9 144 85 296
31 1 756 86 820 213
31 2 618 143 697 302
31 3 979 224 1037 340
31 4 997 276 1057 397
31 5 65 578 116 680
31 6 816 120 864 216
31 7 29 150 104 299
31 8 551 142 620 279
31 9 689 149 771 312
31 10 955 187 1035 348
31 11 466 171 554 347
32 1 966 292 1025 411
32 2 760 82 826 213
32 3 462 179 542 340
32 4 1022 223 1086 351
32 5 607 139 691 307
32 6 52 154 130 311
32 7 692 150 772 311
32 8 533 165 622 344
32 9 926 218 1019 405
33 1 761 84 826 214
33 2 461 180 538 334
33 3 973 282 1039 415
33 4 63 573 117 681
33 5 692 150 772 311
33 6 595 126 678 292
33 7 514 163 600 335
33 8 5 138 93 313
34 1 775 85 839 213
34 2 1044 314 1096 417
34 3 507 183 580 329
34 4 1004 215 1057 322
34 5 583 140 665 305
34 6 34 156 114 317
34 7 441 156 527 328
34 8 392 72 483 255
35 1 773 86 836 212
35 2 572 157 648 309
35 3 66 573 120 681
35 4 711 177 762 279
35 5 435 173 510 324
35 6 491 157 575 325
35 7 1052 296 1126 445
35 8 362 72 442 232
35 9 139 172 215 324
36 1 66 573 120 681
36 2 774 85 838 213
36 3 545 130 628 295
36 4 176 159 254 315
36 5 419 150 503 318
37 1 537 160 608 302
37 2 407 155 482 306
37 3 216 170 290 319
37 4 66 573 120 681
37 5 774 86 838 213
37 6 462 155 539 310
37 7 168 189 237 326
38 1 774 86 838 213
38 2 550 14 601 116
38 3 961 178 1013 282
38 4 251 166 330 324
38 5 393 141 473 302
38 6 448 166 517 303
38 7 188 171 268 331
38 8 513 112 596 278
38 9 435 120 525 300
39 1 497 129 570 275
39 2 430 189 483 295
39 3 769 85 834 214
39 4 372 147 450 303
39 5 289 173 373 340
39 6 225 169 312 343
39 7 685 136 774 314
40 1 476 142 547 283
40 2 332 190 407 340
40 3 769 85 834 214
40 4 690 148 772 312
40 5 251 162 339 338
40 6 394 116 486 302
41 1 466 175 519 281
41 2 965 179 1018 285
41 3 772 85 836 213
41 4 692 151 772 311
41 5 366 182 449 348
41 6 442 102 530 279
41 7 285 165 375 345
42 1 449 180 500 282
42 2 1214 0 1266 104
42 3 768 86 832 214
42 4 406 200 482 352
42 5 267 72 332 203
42 6 425 113 510 283
42 7 685 136 774 314
42 8 324 184 411 359
43 1 772 90 835 217
43 2 303 137 373 277
43 3 965 179 1018 285
43 4 696 153 776 312
43 5 437 191 522 361
43 6 404 109 486 273
44 1 773 89 836 215
44 2 397 103 454 218
44 3 955 171 1012 286
44 4 821 120 870 218
44 5 704 170 774 309
44 6 470 162 550 321
44 7 468 202 552 371
44 8 688 136 777 314
44 9 395 165 485 345
45 1 1214 0 1266 104
45 2 389 162 441 265
45 3 966 180 1018 284
45 4 774 90 836 214
45 5 257 112 336 270
45 6 938 164 998 285
45 7 504 218 583 376
45 8 810 96 874 224
45 9 314 101 398 269
45 10 367 94 456 273
45 11 439 217 521 380
45 12 685 136 774 314
46 1 774 85 839 214
46 2 694 154 772 310
46 3 533 226 614 388
46 4 350 83 435 253
46 5 240 95 325 266
46 6 294 103 376 267
46 7 463 166 556 353
47 1 273 107 339 238
47 2 231 119 301 260
47 3 512 198 565 304
47 4 966 181 1018 285
47 5 772 88 836 216
47 6 337 85 421 253
47 7 694 152 774 311
47 8 573 175 645 318
47 9 573 246 645 389
47 10 573 210 661 387
47 11 510 183 602 367
48 1 225 112 297 257
48 2 966 180 1018 284
48 3 773 87 836 213
48 4 694 152 773 311
48 5 312 82 395 248
48 6 559 236 644 406
49 1 961 178 1013 282
49 2 62 571 118 683
49 3 768 86 831 212
49 4 654 252 730 405
49 5 224 91 307 258
49 6 300 68 389 247
50 1 770 84 835 213
50 2 234 101 294 222
50 3 186 114 253 248
50 4 62 571 118 683
50 5 961 178 1013 282
50 6 282 89 361 246
50 7 24 141 110 313
50 8 618 247 707 425
51 1 265 96 334 233
51 2 654 318 712 435
51 3 230 139 282 243
51 4 771 81 837 213
51 5 635 206 703 341
51 6 739 260 822 427
51 7 638 204 730 388
52 1 961 178 1013 282
52 2 769 81 835 213
52 3 674 226 730 339
52 4 254 96 325 238
52 5 784 274 864 434
52 6 688 267 779 450
53 1 965 180 1016 282
53 2 764 79 832 214
53 3 208 151 292 319
54 1 172 215 226 323
54 2 772 346 834 470
54 3 768 86 831 212
54 4 692 150 770 305
54 5 241 153 326 324
54 6 166 145 255 323
54 7 766 290 856 470
55 1 812 120 861 218
55 2 769 87 832 213
55 3 692 149 771 306
55 4 280 163 363 330
56 1 965 180 1016 282
56 2 766 86 829 213
56 3 689 138 773 306
56 4 320 160 408 336
56 5 966 315 1051 486
56 6 242 162 331 340
57 1 769 89 832 214
57 2 204 106 261 220
57 3 349 191 421 334
57 4 685 138 773 313
58 1 318 235 375 350
58 2 766 90 828 213
58 3 685 138 773 313
58 4 378 175 465 350
58 5 964 387 1054 567
58 6 301 164 392 347
59 1 186 115 237 217
59 2 1016 330 1067 432
59 3 1058 395 1109 497
59 4 765 89 828 215
59 5 689 138 773 306
59 6 410 167 497 341
59 7 323 174 414 357
60 1 766 86 830 214
60 2 363 243 421 360
60 3 689 138 773 306
60 4 445 179 533 356
61 1 765 88 828 214
61 2 416 187 465 285
61 3 689 138 773 306
61 4 465 188 556 370
62 1 433 259 492 377
62 2 761 82 828 215
62 3 693 148 773 307
62 4 495 198 584 377
62 5 422 192 515 379
63 1 762 81 829 215
63 2 691 147 771 307
63 3 525 202 615 382
64 1 761 86 825 214
64 2 691 147 771 307
64 3 551 206 641 386
65 1 64 575 117 682
65 2 764 82 829 212
65 3 694 150 772 306
65 4 586 225 674 401
65 5 480 180 570 360
66 1 766 87 828 212
66 2 514 289 576 413
66 3 64 575 117 682
66 4 711 177 762 279
66 5 705 168 774 306
66 6 690 135 780 315
66 7 607 219 699 403
67 1 771 84 835 212
67 2 64 572 119 682
67 3 711 177 762 279
67 4 530 280 605 430
67 5 634 228 726 414
68 1 770 86 833 212
68 2 961 176 1014 282
68 3 556 308 620 436
68 4 64 572 119 682
68 5 694 135 765 277
69 1 64 572 119 682
69 2 961 176 1014 282
69 3 774 86 837 212
69 4 690 263 780 443
70 1 775 84 839 213
70 2 708 169 762 277
70 3 628 318 698 457
70 4 64 572 119 682
70 5 932 166 990 281
71 1 777 85 841 213
71 2 961 176 1014 282
71 3 658 353 716 469
71 4 62 571 118 683
71 5 696 131 768 274
71 6 759 294 846 468
72 1 933 164 991 280
72 2 64 572 119 682
72 3 961 176 1014 282
72 4 776 85 840 213
72 5 718 330 793 479
73 1 64 572 119 682
73 2 773 87 835 212
73 3 961 176 1014 282
73 4 691 151 771 310
74 1 774 85 838 213
74 2 64 572 119 682
74 3 814 352 891 505
74 4 684 141 769 312
75 1 64 572 119 682
75 2 775 84 839 213
75 3 683 137 771 313
76 1 191 192 245 300
76 2 62 571 118 683
76 3 771 83 836 212
76 4 704 167 775 309
76 5 907 368 992 538
76 6 685 136 774 314
77 1 214 194 270 306
77 2 64 572 119 682
77 3 773 84 838 214
77 4 94 204 162 340
77 5 154 165 232 320
77 6 683 135 773 315
78 1 775 84 839 213
78 2 238 193 296 310
78 3 1026 304 1088 428
78 4 64 572 119 682
78 5 692 151 772 311
79 1 775 84 839 213
79 2 266 197 325 314
79 3 64 572 119 682
79 4 692 153 770 310
79 5 214 183 285 324
80 1 294 206 351 321
80 2 64 572 119 682
80 3 775 84 839 213
80 4 961 176 1014 282
80 5 693 153 771 309
80 6 214 134 294 295
80 7 234 165 317 330
81 1 775 84 839 213
81 2 325 213 384 332
81 3 64 572 119 682
81 4 690 152 770 311
81 5 262 171 345 337
82 1 709 173 762 280
82 2 360 209 425 338
82 3 64 572 119 682
82 4 774 84 839 213
82 5 186 129 271 300
82 6 683 140 769 313
82 7 255 135 345 315
83 1 709 173 762 280
83 2 394 224 454 343
83 3 64 572 119 682
83 4 222 201 279 314
83 5 773 85 837 214
83 6 324 182 408 350
83 7 683 140 769 313
84 1 775 85 839 213
84 2 419 234 477 350
84 3 64 572 119 682
84 4 709 173 762 280
84 5 364 213 438 361
84 6 683 140 769 313
85 1 775 84 839 213
85 2 342 177 417 327
85 3 278 206 340 329
85 4 445 228 512 362
85 5 64 572 119 682
85 6 698 158 769 300
85 7 392 208 472 368
86 1 698 159 769 300
86 2 302 210 364 334
86 3 64 572 119 682
86 4 775 84 839 213
86 5 481 240 546 369
86 6 431 228 505 377
86 7 376 170 458 334
87 1 775 84 839 213
87 2 521 247 585 375
87 3 64 572 119 682
87 4 698 159 769 300
87 5 402 184 481 343
87 6 457 222 539 386
88 1 775 84 839 213
88 2 961 176 1014 282
88 3 64 572 119 682
88 4 698 158 770 301
88 5 351 220 415 348
88 6 552 252 620 387
88 7 489 235 567 392
89 1 709 171 762 278
89 2 64 572 119 682
89 3 774 84 838 212
89 4 591 258 662 400
89 5 702 168 772 307
89 6 388 162 470 325
89 7 688 136 777 314
89 8 527 240 609 404
90 1 774 83 839 213
90 2 516 144 576 265
90 3 961 176 1014 282
90 4 64 572 119 682
90 5 633 263 706 410
90 6 692 153 770 310
90 7 570 251 651 412
90 8 495 82 587 266
91 1 709 171 762 278
91 2 679 288 743 417
91 3 63 572 117 680
91 4 774 83 839 213
91 5 604 254 689 425
92 1 935 172 989 280
92 2 664 334 716 437
92 3 63 572 117 680
92 4 961 176 1014 282
92 5 772 82 837 213
92 6 708 286 780 429
93 1 64 572 119 682
93 2 766 90 827 212
93 3 689 286 771 449
94 1 767 84 832 213
94 2 63 573 117 681
94 3 556 261 628 405
94 4 791 299 873 463
94 5 715 291 804 469
95 1 767 85 831 213
95 2 942 169 998 282
95 3 780 335 850 474
95 4 586 255 671 425
96 1 1212 0 1261 98
96 2 956 173 1011 283
96 3 62 574 115 680
96 4 771 84 836 213
96 5 810 314 895 485
97 1 63 573 117 681
97 2 769 82 834 212
97 3 938 360 1004 492
98 1 766 90 827 212
98 2 702 141 754 246
98 3 713 295 779 427
98 4 63 573 117 681
98 5 782 244 869 418
99 1 773 83 838 213
99 2 741 242 795 350
99 3 63 573 117 681
99 4 712 179 761 277
100 1 771 87 834 212
100 2 64 572 119 682
100 3 691 150 771 310
101 1 765 84 830 213
101 2 63 573 117 681
101 3 692 150 772 310
101 4 938 278 1025 453
102 1 63 573 117 681
102 2 763 84 828 213
102 3 1005 372 1065 493
102 4 693 152 772 310
103 1 772 82 838 213
103 2 63 573 117 681
103 3 691 154 769 309
104 1 772 82 838 213
104 2 63 573 117 681
104 3 689 150 769 309
105 1 63 573 117 681
105 2 771 83 836 213
105 3 691 152 770 309
106 1 64 575 117 682
106 2 769 87 832 213
106 3 691 154 769 309
107 1 961 180 1011 280
107 2 66 573 120 681
107 3 768 86 831 212
107 4 692 154 770 310
108 1 66 573 120 681
108 2 961 180 1011 280
108 3 769 85 834 214
108 4 692 154 770 310
109 1 768 87 831 213
109 2 64 572 119 682
109 3 961 178 1013 282
109 4 690 148 772 312
110 1 769 90 830 213
110 2 64 572 119 682
110 3 961 178 1013 282
110 4 691 148 771 307
111 1 961 180 1011 280
111 2 63 576 115 681
111 3 767 88 830 213
111 4 690 148 772 312
112 1 767 88 830 213
112 2 64 572 119 682
112 3 961 180 1011 280
112 4 692 154 770 310
113 1 766 88 828 213
113 2 63 573 117 681
113 3 961 180 1012 282
113 4 691 154 769 309
114 1 767 87 831 214
114 2 63 576 115 681
114 3 959 180 1010 282
114 4 692 152 772 311
115 1 767 87 831 214
115 2 959 180 1010 282
115 3 65 578 116 680
115 4 812 120 861 218
115 5 689 149 771 312
116 1 959 180 1010 282
116 2 65 578 116 680
116 3 812 120 861 218
116 4 766 88 829 215
116 5 692 151 772 311
117 1 65 578 116 680
117 2 767 86 831 213
117 3 692 151 772 311
118 1 961 180 1012 282
118 2 63 576 115 681
118 3 764 86 828 214
118 4 692 153 769 307
119 1 764 84 829 214
119 2 63 576 115 681
119 3 961 180 1012 282
119 4 692 152 768 304
120 1 961 180 1012 282
120 2 63 576 115 681
120 3 761 85 825 213
120 4 694 151 770 303
121 1 761 85 825 213
121 2 63 576 115 681
121 3 696 158 766 298
121 4 961 180 1012 282
122 1 184 106 241 219
122 2 812 120 861 218
122 3 63 576 115 681
122 4 761 85 825 213
122 5 691 147 770 304
123 1 959 180 1010 282
123 2 63 576 115 681
123 3 766 85 830 213
123 4 812 120 861 218
123 5 693 149 771 305
124 1 765 85 829 213
124 2 812 120 861 218
124 3 217 75 293 227
124 4 692 155 769 309
125 1 236 93 301 223
125 2 63 576 115 681
125 3 765 85 829 213
125 4 691 152 768 307
126 1 63 573 117 681
126 2 764 86 827 213
126 3 249 79 325 232
126 4 693 151 773 311
127 1 777 156 833 269
127 2 64 572 119 682
127 3 961 180 1011 280
127 4 274 91 346 236
127 5 694 153 772 310
128 1 709 174 761 278
128 2 961 178 1013 282
128 3 63 576 115 681
128 4 774 84 839 213
128 5 297 90 372 240
128 6 717 97 806 276
128 7 689 156 765 308
129 1 770 82 836 213
129 2 323 100 396 246
129 3 696 141 767 283
129 4 818 120 867 218
130 1 64 572 119 682
130 2 771 85 835 213
130 3 961 176 1014 282
130 4 689 159 763 306
130 5 344 90 424 250
131 1 771 84 836 213
131 2 961 178 1013 282
131 3 694 156 770 307
131 4 366 91 448 255
132 1 62 571 118 683
132 2 772 86 835 213
132 3 961 176 1014 282
132 4 606 92 684 249
132 5 392 106 470 261
132 6 696 160 770 308
133 1 698 158 768 299
133 2 62 571 118 683
133 3 961 176 1014 282
133 4 770 84 834 212
133 5 419 110 496 264
134 1 771 85 835 213
134 2 961 176 1014 282
134 3 551 87 626 237
134 4 694 156 770 308
134 5 452 112 529 267
135 1 771 86 834 212
135 2 961 176 1014 282
135 3 478 115 557 274
135 4 694 156 770 308
136 1 514 145 581 278
136 2 770 85 834 213
136 3 961 176 1014 282
136 4 696 155 773 308
137 1 549 151 617 286
137 2 961 178 1013 282
137 3 770 84 834 212
137 4 695 155 772 308
138 1 770 85 834 213
138 2 961 177 1012 279
138 3 576 146 647 288
138 4 710 174 762 279
138 5 442 76 518 228
139 1 771 85 835 214
139 2 425 88 491 219
139 3 706 169 763 284
139 4 961 177 1012 279
139 5 602 153 673 295
140 1 396 79 467 221
140 2 709 172 761 277
140 3 770 85 834 213
140 4 961 176 1014 282
140 5 174 109 249 259
140 6 634 137 717 303
140 7 698 162 771 308
141 1 769 90 829 211
141 2 961 176 1013 280
141 3 679 164 749 304
141 4 190 116 264 264
142 1 766 87 828 212
142 2 708 167 781 314
142 3 206 120 279 265
143 1 774 92 833 211
143 2 961 176 1014 282
143 3 227 115 306 274
143 4 734 148 821 322
144 1 179 144 245 276
144 2 252 112 334 275
144 3 692 156 768 308
144 4 777 166 860 333
145 1 694 156 766 300
145 2 961 176 1014 282
145 3 767 89 828 211
145 4 198 105 282 274
145 5 272 116 355 282
146 1 771 84 835 212
146 2 296 129 374 286
146 3 60 573 114 681
146 4 691 159 765 307
146 5 226 105 314 281
147 1 770 84 834 212
147 2 928 242 982 351
147 3 60 573 114 681
147 4 310 123 393 289
147 5 692 157 768 308
147 6 165 105 255 285
147 7 919 180 1006 355
148 1 296 182 348 287
148 2 60 573 114 681
148 3 775 85 839 213
148 4 332 133 412 293
148 5 689 155 765 307
148 6 189 107 276 282
149 1 770 86 833 212
149 2 60 573 114 681
149 3 348 138 428 297
149 4 691 151 771 310
149 5 211 115 300 293
150 1 696 159 766 299
150 2 60 573 114 681
150 3 767 91 827 211
150 4 991 244 1063 387
150 5 224 106 315 289
151 1 697 161 765 297
151 2 60 573 114 681
151 3 771 91 831 211
151 4 387 145 467 304
151 5 932 98 994 222
151 6 246 145 324 302
152 1 767 89 828 211
152 2 937 235 1002 364
152 3 62 574 115 680
152 4 694 157 770 308
152 5 413 141 498 311
152 6 255 115 345 295
152 7 931 190 1021 370
153 1 1014 187 1064 287
153 2 60 573 114 681
153 3 772 91 832 212
153 4 693 156 769 307
153 5 437 147 522 318
153 6 964 276 1044 437
153 7 277 130 368 312
153 8 383 130 474 312
154 1 773 86 836 212
154 2 319 197 379 318
154 3 60 573 114 681
154 4 819 174 869 274
154 5 945 319 996 421
154 6 696 162 769 307
154 7 467 148 552 319
155 1 343 202 404 324
155 2 693 158 768 308
155 3 432 157 518 329
155 4 495 161 579 330
155 5 339 132 431 316
155 6 766 155 856 335
156 1 773 93 833 214
156 2 955 266 1027 410
156 3 522 152 610 328
156 4 450 145 540 325
156 5 790 161 878 338
156 6 733 151 826 338
157 1 768 186 839 329
157 2 400 190 475 340
157 3 696 146 783 321
157 4 481 168 568 342
157 5 401 140 494 327
157 6 550 162 640 342
158 1 585 153 646 275
158 2 579 200 646 335
158 3 514 212 577 338
158 4 63 573 117 681
158 5 813 339 891 494
158 6 656 150 746 330
158 7 504 161 597 348
158 8 430 143 525 334
159 1 627 160 705 316
159 2 64 572 119 682
159 3 764 256 828 384
159 4 784 338 854 478
159 5 705 120 794 298
159 6 536 161 629 348
160 1 500 228 566 359
160 2 592 221 658 352
160 3 735 341 798 467
160 4 64 572 119 682
160 5 647 178 738 361
160 6 936 290 1026 470
161 1 543 169 595 273
161 2 961 176 1014 282
161 3 682 235 744 359
161 4 902 306 958 418
161 5 575 229 643 364
161 6 705 328 772 461
161 7 651 118 737 291
161 8 592 183 684 367
161 9 969 296 1058 474
162 1 961 176 1014 282
162 2 637 228 699 352
162 3 583 252 641 368
162 4 658 319 724 451
162 5 767 90 835 226
162 6 535 121 621 293
162 7 919 313 1004 484
163 1 731 176 783 281
163 2 634 320 692 436
163 3 63 573 117 681
163 4 604 103 682 258
163 5 509 124 591 289
163 6 564 133 642 289
163 7 750 285 833 451
163 8 585 181 668 348
164 1 772 94 830 210
164 2 677 270 730 377
164 3 829 344 880 446
164 4 63 573 117 681
164 5 578 294 645 427
164 6 576 102 656 262
164 7 482 126 565 291
165 1 766 91 828 215
165 2 608 138 666 255
165 3 541 219 596 330
165 4 63 573 117 681
165 5 451 116 531 277
165 6 550 103 625 252
165 7 530 181 608 337
165 8 776 281 855 439
165 9 644 265 730 437
165 10 617 88 700 255
165 11 541 227 634 414
166 1 517 208 573 320
166 2 668 233 721 339
166 3 905 287 959 395
166 4 534 285 596 408
166 5 573 103 642 241
166 6 485 125 561 278
166 7 606 101 682 253
166 8 415 111 500 281
166 9 599 260 684 430
166 10 528 99 605 253
166 11 727 276 811 444
166 12 521 212 615 400
167 1 767 92 827 213
167 2 493 215 547 323
167 3 940 219 996 331
167 4 930 264 992 387
167 5 502 290 553 392
167 6 390 113 469 271
167 7 458 129 529 271
167 8 572 90 647 240
167 9 927 191 999 334
167 10 681 263 763 427
167 11 489 208 582 395
168 1 767 90 828 213
168 2 425 112 499 260
168 3 707 172 760 278
168 4 994 302 1049 411
168 5 539 306 597 422
168 6 809 311 862 418
168 7 63 576 115 681
168 8 480 265 543 391
168 9 454 161 526 304
168 10 652 262 730 418
168 11 540 85 618 240
168 12 364 102 447 268
168 13 967 189 1044 344
168 14 526 232 618 418
169 1 766 89 828 212
169 2 941 310 1000 428
169 3 63 573 117 681
169 4 710 179 760 278
169 5 704 167 769 297
169 6 454 105 522 240
169 7 391 105 471 264
169 8 632 246 707 396
169 9 800 279 876 431
169 10 341 103 423 266
169 11 551 134 636 305
169 12 495 225 585 405
170 1 767 92 827 213
170 2 437 105 494 219
170 3 981 319 1038 434
170 4 319 97 397 254
170 5 365 106 443 263
170 6 478 227 565 402
170 7 594 245 674 406
171 1 767 92 827 213
171 2 345 107 417 251
171 3 706 169 765 288
171 4 1017 336 1070 442
171 5 485 285 536 387
171 6 520 78 585 208
171 7 290 93 370 254
171 8 20 143 96 295
171 9 556 240 632 392
1 1 234 137 301 272
1 2 772 92 838 225
1 3 690 155 770 314
2 1 244 139 309 270
2 2 66 583 120 691
2 3 723 83 788 213
2 4 779 99 841 223
2 5 293 126 367 273
2 6 694 151 772 307
2 7 1018 229 1086 364
3 1 723 83 788 213
3 2 789 98 851 223
3 3 299 125 375 277
3 4 693 155 770 308
3 5 249 119 328 276
4 1 322 143 388 275
4 2 794 96 858 224
4 3 723 83 788 213
4 4 261 118 342 280
4 5 690 139 773 304
4 6 1015 223 1087 366
5 1 725 80 792 214
5 2 792 97 855 223
5 3 692 152 770 307
5 4 283 120 364 281
5 5 1015 223 1087 366
5 6 339 121 419 282
6 1 784 97 846 220
6 2 691 150 769 306
6 3 298 121 379 283
6 4 361 121 441 282
7 1 794 96 858 223
7 2 736 77 805 215
7 3 379 132 458 290
7 4 690 139 773 304
7 5 314 121 398 288
8 1 728 84 793 213
8 2 798 100 860 223
8 3 392 139 472 300
8 4 694 153 771 307
8 5 329 126 411 291
9 1 1015 301 1075 422
9 2 725 83 790 213
9 3 410 141 489 299
9 4 697 155 773 308
9 5 349 132 431 297
9 6 789 98 851 223
10 1 808 109 864 221
10 2 432 153 505 299
10 3 695 154 772 307
10 4 366 134 449 300
11 1 796 103 856 222
11 2 726 82 792 213
11 3 460 144 539 302
11 4 389 136 471 301
11 5 691 139 772 302
12 1 796 103 856 223
12 2 726 82 792 213
12 3 694 142 772 298
12 4 418 136 502 304
12 5 482 143 565 310
13 1 797 104 856 222
13 2 1168 423 1219 525
13 3 514 151 590 304
13 4 445 139 527 303
13 5 697 142 774 296
14 1 479 169 549 309
14 2 789 99 850 220
14 3 717 89 778 212
14 4 695 141 773 297
14 5 532 150 614 314
15 1 810 109 866 221
15 2 717 89 778 212
15 3 751 80 821 218
15 4 556 150 639 316
15 5 696 168 766 307
15 6 489 146 575 319
16 1 527 203 584 318
16 2 755 82 823 218
16 3 805 98 867 222
16 4 975 167 1041 299
16 5 696 156 768 300
16 6 515 150 597 315
16 7 578 155 660 320
17 1 932 166 997 296
17 2 550 212 604 321
17 3 815 295 875 415
17 4 814 111 869 222
17 5 764 85 831 218
17 6 696 159 769 304
17 7 592 158 675 324
17 8 531 147 619 323
17 9 979 334 1051 477
18 1 764 84 830 216
18 2 695 153 771 304
18 3 623 159 706 325
18 4 962 302 1047 473
18 5 556 150 644 326
19 1 741 72 813 215
19 2 582 162 668 335
19 3 644 161 731 335
19 4 766 312 851 482
20 1 757 333 822 462
20 2 65 579 118 685
20 3 737 78 805 214
20 4 610 161 698 337
20 5 672 152 762 332
21 1 785 308 850 438
21 2 695 174 781 346
21 3 636 170 723 345
21 4 720 275 810 455
22 1 806 100 867 223
23 1 588 132 647 250
23 2 800 101 860 222
24 1 715 155 772 269
24 2 642 164 705 290
24 3 810 97 873 223
24 4 742 74 813 215
25 1 776 90 836 211
25 2 740 246 797 360
25 3 672 86 758 259
26 1 571 155 629 272
26 2 709 170 765 282
26 3 949 167 1009 287
26 4 580 280 637 394
26 5 812 120 861 218
26 6 767 198 852 369
26 7 643 86 729 259
26 8 561 173 653 357
27 1 692 168 747 278
27 2 630 173 694 300
27 3 723 78 791 214
27 4 766 92 830 220
27 5 792 194 855 320
27 6 615 93 695 254
27 7 525 166 618 353
28 1 569 91 648 250
28 2 514 218 594 378
28 3 682 218 762 379
29 1 690 147 754 274
29 2 658 156 711 263
29 3 917 215 975 332
29 4 661 245 719 361
29 5 928 249 996 386
29 6 812 120 861 218
29 7 808 98 871 224
29 8 751 80 821 218
29 9 644 155 719 305
29 10 494 185 583 364
30 1 643 216 712 355
30 2 812 120 861 218
30 3 754 82 822 218
30 4 695 141 773 297
30 5 9 144 85 296
30 6 475 201 558 366
30 7 808 98 871 224
31 1 756 86 820 213
31 2 618 143 697 302
31 3 979 224 1037 340
31 4 997 276 1057 397
31 5 65 578 116 680
31 6 816 120 864 216
31 7 29 150 104 299
31 8 551 142 620 279
31 9 689 149 771 312
31 10 955 187 1035 348
31 11 466 171 554 347
32 1 966 292 1025 411
32 2 760 82 826 213
32 3 462 179 542 340
32 4 1022 223 1086 351
32 5 607 139 691 307
32 6 52 154 130 311
32 7 692 150 772 311
32 8 533 165 622 344
32 9 926 218 1019 405
33 1 973 282 1039 415
33 2 63 573 117 681
33 3 761 84 826 214
33 4 461 180 538 334
33 5 692 150 772 311
33 6 595 126 678 292
33 7 514 163 600 335
33 8 5 138 93 313
34 1 507 183 580 329
34 2 1004 215 1057 322
34 3 1044 314 1096 417
34 4 775 85 839 213
34 5 583 140 665 305
34 6 34 156 114 317
34 7 392 72 483 255
34 8 441 156 527 328
35 1 773 86 836 212
35 2 572 157 648 309
35 3 66 573 120 681
35 4 711 177 762 279
35 5 435 173 510 324
35 6 362 72 442 232
35 7 139 172 215 324
35 8 1052 296 1126 445
35 9 491 157 575 325
36 1 774 85 838 213
36 2 66 573 120 681
36 3 176 159 254 315
36 4 545 130 628 295
36 5 419 150 503 318
37 1 774 86 838 213
37 2 407 155 482 306
37 3 462 155 539 310
37 4 537 160 608 302
37 5 66 573 120 681
37 6 216 170 290 319
37 7 168 189 237 326
38 1 774 86 838 213
38 2 550 14 601 116
38 3 961 178 1013 282
38 4 513 112 596 278
38 5 251 166 330 324
38 6 393 141 473 302
38 7 448 166 517 303
38 8 188 171 268 331
38 9 435 120 525 300
39 1 497 129 570 275
39 2 430 189 483 295
39 3 769 85 834 214
39 4 372 147 450 303
39 5 289 173 373 340
39 6 225 169 312 343
39 7 685 136 774 314
40 1 769 85 834 214
40 2 476 142 547 283
40 3 332 190 407 340
40 4 690 148 772 312
40 5 251 162 339 338
40 6 394 116 486 302
41 1 466 175 519 281
41 2 965 179 1018 285
41 3 772 85 836 213
41 4 692 151 772 311
41 5 366 182 449 348
41 6 442 102 530 279
41 7 285 165 375 345
42 1 1214 0 1266 104
42 2 449 180 500 282
42 3 768 86 832 214
42 4 406 200 482 352
42 5 267 72 332 203
42 6 425 113 510 283
42 7 685 136 774 314
42 8 324 184 411 359
43 1 303 137 373 277
43 2 965 179 1018 285
43 3 772 90 835 217
43 4 696 153 776 312
43 5 437 191 522 361
43 6 404 109 486 273
44 1 773 89 836 215
44 2 397 103 454 218
44 3 955 171 1012 286
44 4 821 120 870 218
44 5 704 170 774 309
44 6 470 162 550 321
44 7 468 202 552 371
44 8 688 136 777 314
44 9 395 165 485 345
45 1 774 90 836 214
45 2 257 112 336 270
45 3 938 164 998 285
45 4 389 162 441 265
45 5 966 180 1018 284
45 6 1214 0 1266 104
45 7 439 217 521 380
45 8 810 96 874 224
45 9 504 218 583 376
45 10 314 101 398 269
45 11 367 94 456 273
45 12 685 136 774 314
46 1 774 85 839 214
46 2 350 83 435 253
46 3 294 103 376 267
46 4 694 154 772 310
46 5 533 226 614 388
46 6 240 95 325 266
46 7 463 166 556 353
47 1 231 119 301 260
47 2 966 181 1018 285
47 3 512 198 565 304
47 4 273 107 339 238
47 5 772 88 836 216
47 6 337 85 421 253
47 7 694 152 774 311
47 8 573 175 645 318
47 9 573 246 645 389
47 10 573 210 661 387
47 11 510 183 602 367
48 1 225 112 297 257
48 2 966 180 1018 284
48 3 694 152 773 311
48 4 773 87 836 213
48 5 312 82 395 248
48 6 559 236 644 406
49 1 961 178 1013 282
49 2 768 86 831 212
49 3 654 252 730 405
49 4 62 571 118 683
49 5 224 91 307 258
49 6 300 68 389 247
50 1 186 114 253 248
50 2 961 178 1013 282
50 3 62 571 118 683
50 4 770 84 835 213
50 5 234 101 294 222
50 6 282 89 361 246
50 7 24 141 110 313
50 8 618 247 707 425
51 1 771 81 837 213
51 2 265 96 334 233
51 3 230 139 282 243
51 4 654 318 712 435
51 5 635 206 703 341
51 6 739 260 822 427
51 7 638 204 730 388
52 1 254 96 325 238
52 2 961 178 1013 282
52 3 674 226 730 339
52 4 769 81 835 213
52 5 784 274 864 434
52 6 688 267 779 450
53 1 965 180 1016 282
53 2 764 79 832 214
53 3 208 151 292 319
54 1 172 215 226 323
54 2 772 346 834 470
54 3 768 86 831 212
54 4 692 150 770 305
54 5 241 153 326 324
54 6 166 145 255 323
54 7 766 290 856 470
55 1 812 120 861 218
55 2 769 87 832 213
55 3 692 149 771 306
55 4 280 163 363 330
56 1 965 180 1016 282
56 2 766 86 829 213
56 3 689 138 773 306
56 4 966 315 1051 486
56 5 242 162 331 340
56 6 320 160 408 336
57 1 204 106 261 220
57 2 349 191 421 334
57 3 769 89 832 214
57 4 685 138 773 313
58 1 766 90 828 213
58 2 318 235 375 350
58 3 685 138 773 313
58 4 378 175 465 350
58 5 964 387 1054 567
58 6 301 164 392 347
59 1 1016 330 1067 432
59 2 1058 395 1109 497
59 3 186 115 237 217
59 4 765 89 828 215
59 5 410 167 497 341
59 6 689 138 773 306
59 7 323 174 414 357
60 1 766 86 830 214
60 2 363 243 421 360
60 3 689 138 773 306
60 4 445 179 533 356
61 1 765 88 828 214
61 2 416 187 465 285
61 3 689 138 773 306
61 4 465 188 556 370
62 1 433 259 492 377
62 2 761 82 828 215
62 3 693 148 773 307
62 4 495 198 584 377
62 5 422 192 515 379
63 1 762 81 829 215
63 2 691 147 771 307
63 3 525 202 615 382
64 1 761 86 825 214
64 2 691 147 771 307
64 3 551 206 641 386
65 1 764 82 829 212
65 2 64 575 117 682
65 3 694 150 772 306
65 4 586 225 674 401
65 5 480 180 570 360
66 1 711 177 762 279
66 2 64 575 117 682
66 3 766 87 828 212
66 4 514 289 576 413
66 5 705 168 774 306
66 6 690 135 780 315
66 7 607 219 699 403
67 1 711 177 762 279
67 2 64 572 119 682
67 3 771 84 835 212
67 4 530 280 605 430
67 5 634 228 726 414
68 1 770 86 833 212
68 2 961 176 1014 282
68 3 556 308 620 436
68 4 64 572 119 682
68 5 694 135 765 277
69 1 961 176 1014 282
69 2 64 572 119 682
69 3 774 86 837 212
69 4 690 263 780 443
70 1 775 84 839 213
70 2 708 169 762 277
70 3 628 318 698 457
70 4 64 572 119 682
70 5 932 166 990 281
71 1 62 571 118 683
71 2 777 85 841 213
71 3 961 176 1014 282
71 4 658 353 716 469
71 5 696 131 768 274
71 6 759 294 846 468
72 1 933 164 991 280
72 2 64 572 119 682
72 3 776 85 840 213
72 4 961 176 1014 282
72 5 718 330 793 479
73 1 773 87 835 212
73 2 961 176 1014 282
73 3 64 572 119 682
73 4 691 151 771 310
74 1 64 572 119 682
74 2 774 85 838 213
74 3 814 352 891 505
74 4 684 141 769 312
75 1 64 572 119 682
75 2 775 84 839 213
75 3 683 137 771 313
76 1 191 192 245 300
76 2 62 571 118 683
76 3 771 83 836 212
76 4 704 167 775 309
76 5 907 368 992 538
76 6 685 136 774 314
77 1 773 84 838 214
77 2 214 194 270 306
77 3 64 572 119 682
77 4 94 204 162 340
77 5 154 165 232 320
77 6 683 135 773 315
78 1 238 193 296 310
78 2 64 572 119 682
78 3 775 84 839 213
78 4 1026 304 1088 428
78 5 692 151 772 311
79 1 266 197 325 314
79 2 64 572 119 682
79 3 775 84 839 213
79 4 214 183 285 324
79 5 692 153 770 310
80 1 775 84 839 213
80 2 961 176 1014 282
80 3 294 206 351 321
80 4 64 572 119 682
80 5 693 153 771 309
80 6 234 165 317 330
80 7 214 134 294 295
81 1 325 213 384 332
81 2 64 572 119 682
81 3 775 84 839 213
81 4 690 152 770 311
81 5 262 171 345 337
82 1 709 173 762 280
82 2 360 209 425 338
82 3 64 572 119 682
82 4 774 84 839 213
82 5 186 129 271 300
82 6 683 140 769 313
82 7 255 135 345 315
83 1 709 173 762 280
83 2 222 201 279 314
83 3 394 224 454 343
83 4 64 572 119 682
83 5 773 85 837 214
83 6 683 140 769 313
83 7 324 182 408 350
84 1 775 85 839 213
84 2 419 234 477 350
84 3 64 572 119 682
84 4 709 173 762 280
84 5 364 213 438 361
84 6 683 140 769 313
85 1 775 84 839 213
85 2 342 177 417 327
85 3 278 206 340 329
85 4 445 228 512 362
85 5 64 572 119 682
85 6 698 158 769 300
85 7 392 208 472 368
86 1 775 84 839 213
86 2 302 210 364 334
86 3 481 240 546 369
86 4 64 572 119 682
86 5 698 159 769 300
86 6 376 170 458 334
86 7 431 228 505 377
87 1 698 159 769 300
87 2 521 247 585 375
87 3 64 572 119 682
87 4 775 84 839 213
87 5 402 184 481 343
87 6 457 222 539 386
88 1 775 84 839 213
88 2 961 176 1014 282
88 3 64 572 119 682
88 4 698 158 770 301
88 5 351 220 415 348
88 6 489 235 567 392
88 7 552 252 620 387
89 1 774 84 838 212
89 2 591 258 662 400
89 3 64 572 119 682
89 4 709 171 762 278
89 5 388 162 470 325
89 6 702 168 772 307
89 7 527 240 609 404
89 8 688 136 777 314
90 1 64 572 119 682
90 2 961 176 1014 282
90 3 774 83 839 213
90 4 516 144 576 265
90 5 692 153 770 310
90 6 570 251 651 412
90 7 633 263 706 410
90 8 495 82 587 266
91 1 774 83 839 213
91 2 63 572 117 680
91 3 709 171 762 278
91 4 679 288 743 417
91 5 604 254 689 425
92 1 961 176 1014 282
92 2 664 334 716 437
92 3 63 572 117 680
92 4 772 82 837 213
92 5 935 172 989 280
92 6 708 286 780 429
93 1 766 90 827 212
93 2 64 572 119 682
93 3 689 286 771 449
94 1 63 573 117 681
94 2 767 84 832 213
94 3 556 261 628 405
94 4 791 299 873 463
94 5 715 291 804 469
1 1 234 137 301 272
1 2 772 92 838 225
1 3 690 155 770 314
2 1 66 583 120 691
2 2 244 139 309 270
2 3 779 99 841 223
2 4 293 126 367 273
2 5 694 151 772 307
2 6 1018 229 1086 364
2 7 723 83 788 213
3 1 723 83 788 213
3 2 789 98 851 223
3 3 299 125 375 277
3 4 693 155 770 308
3 5 249 119 328 276
4 1 322 143 388 275
4 2 723 83 788 213
4 3 794 96 858 224
4 4 261 118 342 280
4 5 690 139 773 304
4 6 1015 223 1087 366
5 1 725 80 792 214
5 2 792 97 855 223
5 3 283 120 364 281
5 4 692 152 770 307
5 5 1015 223 1087 366
5 6 339 121 419 282
6 1 784 97 846 220
6 2 691 150 769 306
6 3 298 121 379 283
6 4 361 121 441 282
7 1 794 96 858 223
7 2 736 77 805 215
7 3 379 132 458 290
7 4 690 139 773 304
7 5 314 121 398 288
8 1 798 100 860 223
8 2 728 84 793 213
8 3 329 126 411 291
8 4 694 153 771 307
8 5 392 139 472 300
9 1 1015 301 1075 422
9 2 725 83 790 213
9 3 789 98 851 223
9 4 410 141 489 299
9 5 697 155 773 308
9 6 349 132 431 297
10 1 808 109 864 221
10 2 432 153 505 299
10 3 695 154 772 307
10 4 366 134 449 300
11 1 796 103 856 222
11 2 726 82 792 213
11 3 460 144 539 302
11 4 389 136 471 301
11 5 691 139 772 302
12 1 796 103 856 223
12 2 726 82 792 213
12 3 694 142 772 298
12 4 418 136 502 304
12 5 482 143 565 310
13 1 797 104 856 222
13 2 1168 423 1219 525
13 3 514 151 590 304
13 4 445 139 527 303
13 5 697 142 774 296
14 1 789 99 850 220
14 2 479 169 549 309
14 3 717 89 778 212
14 4 695 141 773 297
14 5 532 150 614 314
15 1 810 109 866 221
15 2 717 89 778 212
15 3 751 80 821 218
15 4 556 150 639 316
15 5 696 168 766 307
15 6 489 146 575 319
16 1 527 203 584 318
16 2 755 82 823 218
16 3 805 98 867 222
16 4 975 167 1041 299
16 5 696 156 768 300
16 6 515 150 597 315
16 7 578 155 660 320
17 1 932 166 997 296
17 2 550 212 604 321
17 3 815 295 875 415
17 4 814 111 869 222
17 5 764 85 831 218
17 6 696 159 769 304
17 7 592 158 675 324
17 8 979 334 1051 477
17 9 531 147 619 323
1 1 234 137 301 272
1 2 772 92 838 225
1 3 690 155 770 314
2 1 244 139 309 270
2 2 66 583 120 691
2 3 779 99 841 223
2 4 293 126 367 273
2 5 694 151 772 307
2 6 1018 229 1086 364
2 7 723 83 788 213
3 1 723 83 788 213
3 2 789 98 851 223
3 3 249 119 328 276
3 4 299 125 375 277
3 5 693 155 770 308
4 1 322 143 388 275
4 2 723 83 788 213
4 3 794 96 858 224
4 4 261 118 342 280
4 5 690 139 773 304
4 6 1015 223 1087 366
5 1 725 80 792 214
5 2 792 97 855 223
5 3 692 152 770 307
5 4 1015 223 1087 366
5 5 283 120 364 281
5 6 339 121 419 282
6 1 784 97 846 220
6 2 298 121 379 283
6 3 691 150 769 306
6 4 361 121 441 282
7 1 794 96 858 223
7 2 736 77 805 215
7 3 379 132 458 290
7 4 690 139 773 304
7 5 314 121 398 288
1 1 234 137 301 272
1 2 772 92 838 225
1 3 690 155 770 314
2 1 66 583 120 691
2 2 244 139 309 270
2 3 723 83 788 213
2 4 779 99 841 223
2 5 293 126 367 273
2 6 694 151 772 307
2 7 1018 229 1086 364
3 1 723 83 788 213
3 2 789 98 851 223
3 3 693 155 770 308
3 4 299 125 375 277
3 5 249 119 328 276
4 1 322 143 388 275
4 2 723 83 788 213
4 3 794 96 858 224
4 4 261 118 342 280
4 5 690 139 773 304
4 6 1015 223 1087 366
5 1 725 80 792 214
5 2 792 97 855 223
5 3 692 152 770 307
5 4 1015 223 1087 366
5 5 283 120 364 281
5 6 339 121 419 282
6 1 784 97 846 220
6 2 298 121 379 283
6 3 691 150 769 306
6 4 361 121 441 282
7 1 794 96 858 223
7 2 736 77 805 215
7 3 379 132 458 290
7 4 690 139 773 304
7 5 314 121 398 288
8 1 798 100 860 223
8 2 728 84 793 213
8 3 392 139 472 300
8 4 694 153 771 307
8 5 329 126 411 291
9 1 1015 301 1075 422
9 2 725 83 790 213
9 3 789 98 851 223
9 4 697 155 773 308
9 5 410 141 489 299
9 6 349 132 431 297
10 1 808 109 864 221
10 2 432 153 505 299
10 3 695 154 772 307
10 4 366 134 449 300
11 1 796 103 856 222
11 2 726 82 792 213
11 3 460 144 539 302
11 4 389 136 471 301
11 5 691 139 772 302
12 1 796 103 856 223
12 2 726 82 792 213
12 3 694 142 772 298
12 4 418 136 502 304
12 5 482 143 565 310
13 1 797 104 856 222
13 2 1168 423 1219 525
13 3 514 151 590 304
13 4 445 139 527 303
13 5 697 142 774 296
14 1 789 99 850 220
14 2 479 169 549 309
14 3 695 141 773 297
14 4 532 150 614 314
14 5 717 89 778 212
15 1 810 109 866 221
15 2 717 89 778 212
15 3 751 80 821 218
15 4 556 150 639 316
15 5 696 168 766 307
15 6 489 146 575 319
16 1 527 203 584 318
16 2 755 82 823 218
16 3 805 98 867 222
16 4 975 167 1041 299
16 5 515 150 597 315
16 6 696 156 768 300
16 7 578 155 660 320
17 1 932 166 997 296
17 2 550 212 604 321
17 3 815 295 875 415
17 4 814 111 869 222
17 5 764 85 831 218
17 6 696 159 769 304
17 7 592 158 675 324
17 8 979 334 1051 477
17 9 531 147 619 323
1 1 234 137 301 272
1 2 772 92 838 225
1 3 690 155 770 314
2 1 244 139 309 270
2 2 66 583 120 691
2 3 723 83 788 213
2 4 779 99 841 223
2 5 293 126 367 273
2 6 694 151 772 307
2 7 1018 229 1086 364
3 1 723 83 788 213
3 2 789 98 851 223
3 3 249 119 328 276
3 4 693 155 770 308
3 5 299 125 375 277
4 1 322 143 388 275
4 2 723 83 788 213
4 3 794 96 858 224
4 4 261 118 342 280
4 5 690 139 773 304
4 6 1015 223 1087 366
5 1 725 80 792 214
5 2 792 97 855 223
5 3 692 152 770 307
5 4 1015 223 1087 366
5 5 283 120 364 281
5 6 339 121 419 282
6 1 784 97 846 220
6 2 691 150 769 306
6 3 298 121 379 283
6 4 361 121 441 282
7 1 736 77 805 215
7 2 314 121 398 288
7 3 379 132 458 290
7 4 690 139 773 304
7 5 794 96 858 223
8 1 798 100 860 223
8 2 728 84 793 213
8 3 329 126 411 291
8 4 694 153 771 307
8 5 392 139 472 300
9 1 1015 301 1075 422
9 2 725 83 790 213
9 3 789 98 851 223
9 4 697 155 773 308
9 5 410 141 489 299
9 6 349 132 431 297
10 1 808 109 864 221
10 2 432 153 505 299
10 3 695 154 772 307
10 4 366 134 449 300
11 1 796 103 856 222
11 2 726 82 792 213
11 3 389 136 471 301
11 4 691 139 772 302
11 5 460 144 539 302
12 1 796 103 856 223
12 2 726 82 792 213
12 3 694 142 772 298
12 4 418 136 502 304
12 5 482 143 565 310
13 1 797 104 856 222
13 2 1168 423 1219 525
13 3 514 151 590 304
13 4 697 142 774 296
13 5 445 139 527 303
14 1 479 169 549 309
14 2 789 99 850 220
14 3 717 89 778 212
14 4 695 141 773 297
14 5 532 150 614 314
15 1 810 109 866 221
15 2 717 89 778 212
15 3 751 80 821 218
15 4 556 150 639 316
15 5 696 168 766 307
15 6 489 146 575 319
16 1 527 203 584 318
16 2 755 82 823 218
16 3 805 98 867 222
16 4 975 167 1041 299
16 5 696 156 768 300
16 6 578 155 660 320
16 7 515 150 597 315
17 1 932 166 997 296
17 2 550 212 604 321
17 3 815 295 875 415
17 4 814 111 869 222
17 5 764 85 831 218
17 6 592 158 675 324
17 7 696 159 769 304
17 8 979 334 1051 477
17 9 531 147 619 323
18 1 764 84 830 216
18 2 695 153 771 304
18 3 623 159 706 325
18 4 962 302 1047 473
18 5 556 150 644 326
19 1 741 72 813 215
19 2 582 162 668 335
19 3 644 161 731 335
19 4 766 312 851 482
20 1 757 333 822 462
20 2 65 579 118 685
20 3 737 78 805 214
20 4 610 161 698 337
20 5 672 152 762 332
21 1 785 308 850 438
21 2 695 174 781 346
21 3 636 170 723 345
21 4 720 275 810 455
22 1 806 100 867 223
23 1 800 101 860 222
23 2 588 132 647 250
24 1 715 155 772 269
24 2 642 164 705 290
24 3 810 97 873 223
24 4 742 74 813 215
25 1 740 246 797 360
25 2 776 90 836 211
25 3 672 86 758 259
26 1 571 155 629 272
26 2 709 170 765 282
26 3 949 167 1009 287
26 4 580 280 637 394
26 5 812 120 861 218
26 6 767 198 852 369
26 7 643 86 729 259
26 8 561 173 653 357
27 1 692 168 747 278
27 2 630 173 694 300
27 3 723 78 791 214
27 4 766 92 830 220
27 5 792 194 855 320
27 6 615 93 695 254
27 7 525 166 618 353
28 1 569 91 648 250
28 2 514 218 594 378
28 3 682 218 762 379
29 1 812 120 861 218
29 2 658 156 711 263
29 3 690 147 754 274
29 4 928 249 996 386
29 5 917 215 975 332
29 6 661 245 719 361
29 7 808 98 871 224
29 8 751 80 821 218
29 9 644 155 719 305
29 10 494 185 583 364
30 1 643 216 712 355
30 2 812 120 861 218
30 3 754 82 822 218
30 4 808 98 871 224
30 5 695 141 773 297
30 6 9 144 85 296
30 7 475 201 558 366
31 1 756 86 820 213
31 2 618 143 697 302
31 3 979 224 1037 340
31 4 997 276 1057 397
31 5 65 578 116 680
31 6 816 120 864 216
31 7 29 150 104 299
31 8 551 142 620 279
31 9 689 149 771 312
31 10 466 171 554 347
31 11 955 187 1035 348
32 1 966 292 1025 411
32 2 760 82 826 213
32 3 607 139 691 307
32 4 52 154 130 311
32 5 692 150 772 311
32 6 462 179 542 340
32 7 1022 223 1086 351
32 8 533 165 622 344
32 9 926 218 1019 405
33 1 973 282 1039 415
33 2 63 573 117 681
33 3 761 84 826 214
33 4 461 180 538 334
33 5 595 126 678 292
33 6 692 150 772 311
33 7 514 163 600 335
33 8 5 138 93 313
34 1 775 85 839 213
34 2 1044 314 1096 417
34 3 507 183 580 329
34 4 1004 215 1057 322
34 5 583 140 665 305
34 6 34 156 114 317
34 7 441 156 527 328
34 8 392 72 483 255
35 1 711 177 762 279
35 2 66 573 120 681
35 3 773 86 836 212
35 4 572 157 648 309
35 5 435 173 510 324
35 6 491 157 575 325
35 7 1052 296 1126 445
35 8 362 72 442 232
35 9 139 172 215 324
36 1 774 85 838 213
36 2 66 573 120 681
36 3 545 130 628 295
36 4 176 159 254 315
36 5 419 150 503 318
37 1 774 86 838 213
37 2 407 155 482 306
37 3 462 155 539 310
37 4 537 160 608 302
37 5 66 573 120 681
37 6 216 170 290 319
37 7 168 189 237 326
1 1 610 84 658 180
1 2 231 112 307 264
1 3 297 176 337 256
1 4 626 182 670 270
1 5 1077 269 1112 340
2 1 230 85 324 274
2 2 608 79 658 179
2 3 625 171 670 261
3 1 610 81 656 174
3 2 260 144 322 267
3 3 615 134 681 267
3 4 630 197 660 257
3 5 315 185 358 272
3 6 626 172 670 260
4 1 254 84 347 269
4 2 621 159 672 262
4 3 332 176 379 270
5 1 606 74 658 178
5 2 289 133 355 266
5 3 625 170 670 260
6 1 289 85 386 279
6 2 607 76 658 178
6 3 625 170 669 258
7 1 320 134 392 277
7 2 607 77 657 178
7 3 630 195 660 255
7 4 626 170 670 258
8 1 610 78 658 175
8 2 318 83 420 286
8 3 626 173 668 258
8 4 399 128 472 275
8 5 414 192 453 271
8 6 69 255 98 313
9 1 610 77 660 177
9 2 355 144 425 285
9 3 423 216 454 278
9 4 626 174 669 261
10 1 348 82 460 305
10 2 610 79 658 176
10 3 69 255 98 313
10 4 626 170 670 258
11 1 610 76 660 178
11 2 388 134 469 297
11 3 627 171 671 259
12 1 610 76 660 178
12 2 416 125 502 296
12 3 483 139 564 301
13 1 609 74 660 176
13 2 511 134 592 295
13 3 446 141 524 298
14 1 610 77 659 175
14 2 467 126 555 302
14 3 980 51 1101 293
14 4 627 177 668 259
15 1 482 124 577 314
15 2 610 76 659 175
15 3 627 172 670 258
15 4 979 206 1019 286
15 5 556 147 636 306
16 1 522 178 589 313
16 2 34 163 115 324
17 1 500 31 644 319
17 2 529 143 615 315
17 3 928 146 999 288
17 4 976 306 1048 451
18 1 611 80 657 174
18 2 563 160 640 315
18 3 620 144 703 310
18 4 953 269 1045 452
18 5 1074 362 1111 437
19 1 611 75 658 169
19 2 517 179 548 241
19 3 641 148 729 324
19 4 750 219 862 443
19 5 951 265 1041 446
19 6 769 293 845 444
20 1 610 77 658 173
20 2 608 149 694 320
20 3 673 153 754 314
20 4 731 223 844 448
21 1 610 77 659 176
21 2 758 107 816 224
22 1 610 77 660 179
22 2 628 178 667 257
22 3 656 142 760 350
22 4 708 283 772 411
23 1 628 176 669 259
24 1 610 76 660 176
24 2 630 190 727 383
25 1 610 76 659 174
25 2 124 174 164 254
26 1 610 76 660 176
26 2 512 25 688 375
26 3 32 161 113 322
26 4 550 178 657 393
26 5 758 183 853 373
26 6 947 292 978 354
27 1 606 75 687 237
27 2 532 185 622 364
27 3 802 216 878 367
27 4 685 208 767 372
27 5 1074 360 1112 436
28 1 487 105 618 366
28 2 658 132 767 350
28 3 681 234 735 343
28 4 612 242 665 348
1 1 610 84 658 180
1 2 231 112 307 264
1 3 297 176 337 256
1 4 626 182 670 270
1 5 1077 269 1112 340
2 1 230 85 324 274
2 2 608 79 658 179
2 3 625 171 670 261
3 1 610 81 656 174
3 2 260 144 322 267
3 3 615 134 681 267
3 4 630 197 660 257
3 5 626 172 670 260
3 6 315 185 358 272
4 1 254 84 347 269
4 2 621 159 672 262
4 3 332 176 379 270
5 1 606 74 658 178
5 2 289 133 355 266
5 3 625 170 670 260
6 1 607 76 658 178
6 2 289 85 386 279
6 3 625 170 669 258
7 1 607 77 657 178
7 2 320 134 392 277
7 3 630 195 660 255
7 4 626 170 670 258
8 1 610 78 658 175
8 2 318 83 420 286
8 3 626 173 668 258
8 4 399 128 472 275
8 5 414 192 453 271
8 6 69 255 98 313
9 1 610 77 660 177
9 2 355 144 425 285
9 3 626 174 669 261
9 4 423 216 454 278
10 1 348 82 460 305
10 2 610 79 658 176
10 3 626 170 670 258
10 4 69 255 98 313
11 1 610 76 660 178
11 2 388 134 469 297
11 3 627 171 671 259
12 1 610 76 660 178
12 2 416 125 502 296
12 3 483 139 564 301
1 1 610 84 658 180
1 2 231 112 307 264
1 3 297 176 337 256
1 4 626 182 670 270
1 5 1077 269 1112 340
2 1 608 79 658 179
2 2 230 85 324 274
2 3 625 171 670 261
3 1 610 81 656 174
3 2 615 134 681 267
3 3 260 144 322 267
3 4 630 197 660 257
3 5 626 172 670 260
3 6 315 185 358 272
4 1 254 84 347 269
4 2 332 176 379 270
4 3 621 159 672 262
5 1 606 74 658 178
5 2 289 133 355 266
5 3 625 170 670 260
6 1 607 76 658 178
6 2 289 85 386 279
6 3 625 170 669 258
7 1 607 77 657 178
7 2 320 134 392 277
7 3 630 195 660 255
7 4 626 170 670 258
8 1 610 78 658 175
8 2 318 83 420 286
8 3 626 173 668 258
8 4 399 128 472 275
8 5 414 192 453 271
8 6 69 255 98 313
9 1 610 77 660 177
9 2 355 144 425 285
9 3 626 174 669 261
9 4 423 216 454 278
10 1 348 82 460 305
10 2 610 79 658 176
10 3 69 255 98 313
10 4 626 170 670 258
11 1 610 76 660 178
11 2 388 134 469 297
11 3 627 171 671 259
12 1 610 76 660 178
12 2 416 125 502 296
12 3 483 139 564 301
13 1 609 74 660 176
13 2 446 141 524 298
13 3 511 134 592 295
14 1 610 77 659 175
14 2 980 51 1101 293
14 3 467 126 555 302
14 4 627 177 668 259
15 1 610 76 659 175
15 2 482 124 577 314
15 3 556 147 636 306
15 4 627 172 670 258
15 5 979 206 1019 286
16 1 522 178 589 313
16 2 34 163 115 324
17 1 500 31 644 319
17 2 529 143 615 315
17 3 928 146 999 288
17 4 976 306 1048 451
18 1 611 80 657 174
18 2 563 160 640 315
18 3 620 144 703 310
18 4 953 269 1045 452
18 5 1074 362 1111 437
19 1 611 75 658 169
19 2 517 179 548 241
19 3 641 148 729 324
19 4 750 219 862 443
19 5 951 265 1041 446
19 6 769 293 845 444
20 1 610 77 658 173
20 2 608 149 694 320
20 3 673 153 754 314
20 4 731 223 844 448
21 1 610 77 659 176
21 2 758 107 816 224
22 1 610 77 660 179
22 2 628 178 667 257
22 3 656 142 760 350
22 4 708 283 772 411
23 1 628 176 669 259
24 1 610 76 660 176
24 2 630 190 727 383
25 1 610 76 659 174
25 2 124 174 164 254
26 1 512 25 688 375
26 2 610 76 660 176
26 3 32 161 113 322
26 4 550 178 657 393
26 5 758 183 853 373
26 6 947 292 978 354
27 1 606 75 687 237
27 2 532 185 622 364
27 3 802 216 878 367
27 4 685 208 767 372
27 5 1074 360 1112 436
28 1 487 105 618 366
28 2 658 132 767 350
28 3 612 242 665 348
28 4 681 234 735 343
29 1 610 79 657 173
29 2 547 94 607 214
29 3 448 18 619 360
29 4 493 194 572 353
29 5 588 196 660 339
29 6 39 170 117 326
30 1 428 36 594 368
30 2 464 148 562 343
30 3 653 154 697 242
30 4 636 186 712 337
30 5 584 218 646 343
31 1 611 80 657 172
31 2 545 137 589 226
31 3 466 174 548 339
31 4 569 212 624 323
31 5 631 202 692 324
31 6 555 156 638 323
32 1 451 142 543 326
32 2 608 144 691 309
32 3 617 195 678 318
32 4 532 156 616 323
32 5 918 190 1021 395
32 6 1058 314 1094 387
33 1 425 44 560 315
33 2 450 157 537 330
33 3 611 197 666 307
33 4 952 186 1062 406
34 1 440 136 527 309
34 2 76 147 210 415
34 3 602 196 647 287
34 4 513 192 577 321
34 5 593 177 662 315
34 6 1071 354 1112 437
35 1 430 135 513 301
35 2 72 246 104 309
36 1 609 71 659 171
36 2 419 125 501 288
36 3 552 158 627 308
36 4 627 169 668 252
36 5 495 203 536 285
36 6 435 187 487 292
37 1 609 71 660 174
37 2 404 137 483 295
37 3 529 137 619 315
37 4 627 164 672 254
37 5 210 155 291 316
37 6 31 159 117 330
37 7 81 165 199 401
38 1 610 72 660 174
38 2 627 171 674 265
38 3 448 170 511 297
38 4 394 152 468 300
38 5 526 165 595 303
38 6 244 145 333 322
38 7 475 218 541 351
39 1 609 70 661 174
39 2 515 178 551 250
39 3 386 168 441 278
39 4 508 182 563 292
39 5 36 159 119 325
39 6 256 239 302 332
39 7 1075 363 1110 434
40 1 609 70 661 175
40 2 316 111 426 331
40 3 469 115 555 287
40 4 240 119 351 340
40 5 36 161 118 325
40 6 84 172 198 401
41 1 278 125 382 333
42 1 612 78 658 170
42 2 625 159 676 261
42 3 397 152 491 340
43 1 614 77 660 170
43 2 299 123 372 268
43 3 518 174 552 242
43 4 629 172 671 257
43 5 359 143 457 338
43 6 1075 359 1115 439
1 1 610 84 658 180
1 2 231 112 307 264
1 3 297 176 337 256
1 4 626 182 670 270
1 5 1077 269 1112 340
2 1 230 85 324 274
2 2 608 79 658 179
2 3 625 171 670 261
3 1 610 81 656 174
3 2 260 144 322 267
3 3 615 134 681 267
3 4 626 172 670 260
3 5 630 197 660 257
3 6 315 185 358 272
4 1 254 84 347 269
4 2 332 176 379 270
4 3 621 159 672 262
5 1 606 74 658 178
5 2 289 133 355 266
5 3 625 170 670 260
6 1 289 85 386 279
6 2 607 76 658 178
6 3 625 170 669 258
7 1 607 77 657 178
7 2 320 134 392 277
7 3 630 195 660 255
7 4 626 170 670 258
8 1 610 78 658 175
8 2 318 83 420 286
8 3 626 173 668 258
8 4 399 128 472 275
8 5 414 192 453 271
8 6 69 255 98 313
9 1 610 77 660 177
9 2 355 144 425 285
9 3 626 174 669 261
9 4 423 216 454 278
10 1 348 82 460 305
10 2 610 79 658 176
10 3 626 170 670 258
10 4 69 255 98 313
11 1 610 76 660 178
11 2 388 134 469 297
11 3 627 171 671 259
12 1 610 76 660 178
12 2 416 125 502 296
12 3 483 139 564 301
13 1 609 74 660 176
13 2 511 134 592 295
13 3 446 141 524 298
14 1 610 77 659 175
14 2 980 51 1101 293
14 3 467 126 555 302
14 4 627 177 668 259
15 1 482 124 577 314
15 2 610 76 659 175
15 3 556 147 636 306
15 4 627 172 670 258
15 5 979 206 1019 286
16 1 522 178 589 313
16 2 34 163 115 324
17 1 500 31 644 319
17 2 529 143 615 315
17 3 928 146 999 288
17 4 976 306 1048 451
18 1 611 80 657 174
18 2 563 160 640 315
18 3 620 144 703 310
18 4 953 269 1045 452
18 5 1074 362 1111 437
19 1 611 75 658 169
19 2 517 179 548 241
19 3 641 148 729 324
19 4 750 219 862 443
19 5 951 265 1041 446
19 6 769 293 845 444
20 1 610 77 658 173
20 2 608 149 694 320
20 3 673 153 754 314
20 4 731 223 844 448
21 1 758 107 816 224
21 2 610 77 659 176
22 1 610 77 660 179
22 2 628 178 667 257
22 3 656 142 760 350
22 4 708 283 772 411
23 1 628 176 669 259
24 1 610 76 660 176
24 2 630 190 727 383
25 1 610 76 659 174
25 2 124 174 164 254
26 1 512 25 688 375
26 2 610 76 660 176
26 3 32 161 113 322
26 4 758 183 853 373
26 5 550 178 657 393
26 6 947 292 978 354
27 1 606 75 687 237
27 2 532 185 622 364
27 3 802 216 878 367
27 4 685 208 767 372
27 5 1074 360 1112 436
28 1 487 105 618 366
28 2 658 132 767 350
28 3 612 242 665 348
28 4 681 234 735 343
29 1 448 18 619 360
29 2 610 79 657 173
29 3 547 94 607 214
29 4 493 194 572 353
29 5 588 196 660 339
29 6 39 170 117 326
30 1 428 36 594 368
30 2 464 148 562 343
30 3 653 154 697 242
30 4 636 186 712 337
30 5 584 218 646 343
31 1 611 80 657 172
31 2 466 174 548 339
31 3 545 137 589 226
31 4 569 212 624 323
31 5 631 202 692 324
31 6 555 156 638 323
32 1 451 142 543 326
32 2 608 144 691 309
32 3 532 156 616 323
32 4 918 190 1021 395
32 5 617 195 678 318
32 6 1058 314 1094 387
33 1 425 44 560 315
33 2 450 157 537 330
33 3 611 197 666 307
33 4 952 186 1062 406
34 1 440 136 527 309
34 2 76 147 210 415
34 3 593 177 662 315
34 4 602 196 647 287
34 5 513 192 577 321
34 6 1071 354 1112 437
35 1 430 135 513 301
35 2 72 246 104 309
36 1 609 71 659 171
36 2 419 125 501 288
36 3 552 158 627 308
36 4 627 169 668 252
36 5 435 187 487 292
36 6 495 203 536 285
37 1 609 71 660 174
37 2 404 137 483 295
37 3 210 155 291 316
37 4 627 164 672 254
37 5 81 165 199 401
37 6 529 137 619 315
37 7 31 159 117 330
38 1 610 72 660 174
38 2 627 171 674 265
38 3 448 170 511 297
38 4 394 152 468 300
38 5 526 165 595 303
38 6 244 145 333 322
38 7 475 218 541 351
39 1 609 70 661 174
39 2 515 178 551 250
39 3 386 168 441 278
39 4 508 182 563 292
39 5 36 159 119 325
39 6 256 239 302 332
39 7 1075 363 1110 434
40 1 609 70 661 175
40 2 316 111 426 331
40 3 469 115 555 287
40 4 240 119 351 340
40 5 36 161 118 325
40 6 84 172 198 401
41 1 278 125 382 333
42 1 612 78 658 170
42 2 625 159 676 261
42 3 397 152 491 340
43 1 614 77 660 170
43 2 299 123 372 268
43 3 518 174 552 242
43 4 629 172 671 257
43 5 359 143 457 338
43 6 1075 359 1115 439
44 1 614 76 661 171
44 2 292 152 342 252
44 3 385 132 500 362
44 4 461 169 559 364
44 5 629 169 672 256
45 1 613 79 658 169
45 2 374 105 447 251
45 3 329 149 387 266
45 4 426 137 536 356
45 5 496 202 582 374
46 1 613 78 658 169
46 2 259 158 301 242
46 3 464 157 566 361
46 4 522 170 628 382
1
2
3
4
