1 1 610 84 658 180
1 2 231 112 307 264
1 3 297 176 337 256
1 4 1077 269 1112 340
1 5 626 182 670 270
2 1 230 85 324 274
2 2 608 79 658 179
2 3 625 171 670 261
3 1 615 134 681 267
3 2 260 144 322 267
3 3 610 81 656 174
3 4 630 197 660 257
3 5 315 185 358 272
3 6 626 172 670 260
4 1 254 84 347 269
4 2 621 159 672 262
4 3 332 176 379 270
5 1 606 74 658 178
5 2 289 133 355 266
5 3 625 170 670 260
6 1 289 85 386 279
6 2 607 76 658 178
6 3 625 170 669 258
7 1 607 77 657 178
7 2 320 134 392 277
7 3 626 170 670 258
7 4 630 195 660 255
8 1 610 78 658 175
8 2 318 83 420 286
8 3 414 192 453 271
8 4 626 173 668 258
8 5 399 128 472 275
8 6 69 255 98 313
9 1 610 77 660 177
9 2 355 144 425 285
9 3 626 174 669 261
9 4 423 216 454 278
10 1 610 79 658 176
10 2 348 82 460 305
10 3 626 170 670 258
10 4 69 255 98 313
11 1 610 76 660 178
11 2 388 134 469 297
11 3 627 171 671 259
12 1 610 76 660 178
12 2 416 125 502 296
12 3 483 139 564 301
13 1 609 74 660 176
13 2 511 134 592 295
13 3 446 141 524 298
14 1 610 77 659 175
14 2 980 51 1101 293
14 3 467 126 555 302
14 4 627 177 668 259
15 1 610 76 659 175
15 2 482 124 577 314
15 3 556 147 636 306
15 4 627 172 670 258
15 5 979 206 1019 286
16 1 522 178 589 313
16 2 34 163 115 324
17 1 500 31 644 319
17 2 529 143 615 315
17 3 928 146 999 288
17 4 976 306 1048 451
18 1 611 80 657 174
18 2 563 160 640 315
18 3 620 144 703 310
18 4 953 269 1045 452
18 5 1074 362 1111 437
19 1 611 75 658 169
19 2 517 179 548 241
19 3 641 148 729 324
19 4 750 219 862 443
19 5 951 265 1041 446
19 6 769 293 845 444
20 1 610 77 658 173
20 2 608 149 694 320
20 3 673 153 754 314
20 4 731 223 844 448
21 1 610 77 659 176
21 2 758 107 816 224
22 1 610 77 660 179
22 2 628 178 667 257
22 3 656 142 760 350
22 4 708 283 772 411
23 1 628 176 669 259
24 1 610 76 660 176
24 2 630 190 727 383
25 1 610 76 659 174
25 2 124 174 164 254
26 1 512 25 688 375
26 2 610 76 660 176
26 3 32 161 113 322
26 4 758 183 853 373
26 5 550 178 657 393
26 6 947 292 978 354
27 1 606 75 687 237
27 2 532 185 622 364
27 3 802 216 878 367
27 4 685 208 767 372
27 5 1074 360 1112 436
28 1 487 105 618 366
28 2 658 132 767 350
28 3 612 242 665 348
28 4 681 234 735 343
29 1 448 18 619 360
29 2 610 79 657 173
29 3 547 94 607 214
29 4 493 194 572 353
29 5 588 196 660 339
29 6 39 170 117 326
30 1 428 36 594 368
30 2 464 148 562 343
30 3 653 154 697 242
30 4 636 186 712 337
30 5 584 218 646 343
31 1 611 80 657 172
31 2 466 174 548 339
31 3 545 137 589 226
31 4 569 212 624 323
31 5 631 202 692 324
31 6 555 156 638 323
32 1 451 142 543 326
32 2 608 144 691 309
32 3 532 156 616 323
32 4 617 195 678 318
32 5 918 190 1021 395
32 6 1058 314 1094 387
33 1 425 44 560 315
33 2 450 157 537 330
33 3 611 197 666 307
33 4 952 186 1062 406
34 1 440 136 527 309
34 2 76 147 210 415
34 3 593 177 662 315
34 4 602 196 647 287
34 5 513 192 577 321
34 6 1071 354 1112 437
35 1 430 135 513 301
35 2 72 246 104 309
36 1 609 71 659 171
36 2 419 125 501 288
36 3 552 158 627 308
36 4 627 169 668 252
36 5 435 187 487 292
36 6 495 203 536 285
37 1 609 71 660 174
37 2 404 137 483 295
37 3 529 137 619 315
37 4 627 164 672 254
37 5 210 155 291 316
37 6 81 165 199 401
37 7 31 159 117 330
38 1 610 72 660 174
38 2 394 152 468 300
38 3 627 171 674 265
38 4 448 170 511 297
38 5 526 165 595 303
38 6 244 145 333 322
38 7 475 218 541 351
39 1 609 70 661 174
39 2 515 178 551 250
39 3 508 182 563 292
39 4 386 168 441 278
39 5 36 159 119 325
39 6 256 239 302 332
39 7 1075 363 1110 434
40 1 609 70 661 175
40 2 316 111 426 331
40 3 36 161 118 325
40 4 240 119 351 340
40 5 469 115 555 287
40 6 84 172 198 401
41 1 278 125 382 333
42 1 612 78 658 170
42 2 625 159 676 261
42 3 397 152 491 340
43 1 299 123 372 268
43 2 518 174 552 242
43 3 614 77 660 170
43 4 629 172 671 257
43 5 359 143 457 338
43 6 1075 359 1115 439
44 1 614 76 661 171
44 2 292 152 342 252
44 3 629 169 672 256
44 4 385 132 500 362
44 5 461 169 559 364
45 1 613 79 658 169
45 2 374 105 447 251
45 3 329 149 387 266
45 4 426 137 536 356
45 5 496 202 582 374
46 1 613 78 658 169
46 2 259 158 301 242
46 3 464 157 566 361
46 4 522 170 628 382
47 1 609 71 660 173
47 2 236 148 288 253
47 3 496 142 625 401
47 4 218 80 308 260
48 1 610 74 660 176
48 2 223 137 279 249
48 3 527 147 659 410
49 1 610 73 660 174
49 2 237 106 297 227
49 3 217 142 262 232
49 4 570 156 684 385
50 1 610 73 660 174
50 2 587 155 713 408
50 3 78 153 204 405
51 1 609 71 660 173
51 2 225 113 289 242
51 3 124 176 162 252
51 4 625 169 743 405
51 5 56 235 99 322
52 1 610 73 660 174
52 2 645 135 793 431
52 3 270 146 301 208
52 4 78 160 204 412
52 5 810 356 844 425
53 1 701 197 818 432
53 2 610 72 660 173
53 3 516 175 548 239
53 4 627 166 672 257
53 5 216 160 280 289
53 6 38 160 127 338
54 1 609 73 659 174
54 2 723 161 875 464
54 3 170 142 246 295
54 4 627 172 668 255
55 1 736 67 1033 660
55 2 610 74 659 172
55 3 625 163 672 257
55 4 516 178 548 242
55 5 289 162 353 291
55 6 765 136 974 554
56 1 609 71 660 174
56 2 244 134 332 310
56 3 124 177 161 252
56 4 625 167 671 260
56 5 944 236 1060 468
57 1 790 47 1056 577
57 2 608 68 661 175
57 3 262 104 372 323
57 4 341 148 433 332
57 5 516 174 549 240
57 6 898 235 1009 456
58 1 609 71 660 173
58 2 306 150 391 320
58 3 386 170 460 318
59 1 609 70 661 174
59 2 297 54 435 331
59 3 321 146 416 335
59 4 627 166 672 257
59 5 409 159 505 351
59 6 1015 264 1133 501
60 1 610 73 660 174
60 2 349 161 440 343
60 3 626 166 672 258
60 4 445 173 530 342
60 5 33 163 116 330
61 1 609 70 660 173
61 2 124 179 160 252
61 3 620 155 676 268
61 4 81 155 195 383
61 5 463 168 560 361
62 1 610 78 658 174
62 2 626 167 671 257
62 3 421 181 504 346
62 4 502 220 571 358
63 1 396 13 580 381
63 2 610 76 658 173
63 3 425 131 547 375
63 4 626 167 671 257
63 5 559 287 595 360
64 1 610 77 658 173
64 2 464 182 557 367
64 3 626 166 672 258
65 1 610 75 659 173
65 2 36 166 117 327
65 3 475 177 573 373
65 4 584 205 676 388
66 1 610 72 660 174
66 2 30 152 119 329
66 3 493 169 602 386
66 4 600 202 706 414
67 1 610 74 658 171
67 2 508 166 622 394
67 3 626 163 671 254
67 4 34 153 120 324
68 1 610 73 659 171
68 2 59 181 91 246
68 3 620 72 787 406
68 4 525 169 648 415
69 1 518 24 720 429
69 2 609 72 658 170
69 3 43 178 112 316
69 4 563 182 673 401
70 1 610 73 656 166
70 2 53 168 90 243
70 3 610 202 721 425
71 1 609 70 657 167
71 2 631 127 783 430
71 3 80 184 113 250
71 4 627 168 669 253
72 1 610 72 657 166
72 2 63 80 154 262
72 3 625 165 672 260
72 4 710 239 809 437
73 1 610 72 658 169
73 2 726 141 878 444
73 3 629 182 663 250
74 1 610 75 657 169
74 2 624 159 672 256
74 3 629 185 662 251
75 1 612 77 658 169
75 2 183 222 210 276
76 1 630 188 662 252
76 2 194 202 239 292
77 1 629 184 663 252
77 2 167 170 227 291
77 3 626 168 669 253
78 1 610 75 655 166
78 2 629 185 662 251
78 3 194 213 228 283
78 4 1009 232 1139 494
79 1 215 182 273 298
79 2 273 222 318 311
80 1 610 74 656 166
80 2 624 161 669 252
81 1 609 73 658 172
81 2 268 186 336 323
81 3 334 233 378 321
82 1 609 76 656 171
82 2 354 141 393 219
82 3 622 160 670 255
82 4 304 196 366 320
82 5 375 254 406 316
83 1 609 74 657 170
83 2 629 187 661 251
83 3 401 245 445 334
83 4 1072 354 1112 434
84 1 608 73 657 172
84 2 626 162 671 253
84 3 363 191 436 337
85 1 625 161 671 253
85 2 338 153 419 314
85 3 383 161 476 346
86 1 515 172 548 238
86 2 625 161 671 253
86 3 414 182 503 360
87 1 625 161 670 252
87 2 458 201 535 354
87 3 436 249 471 319
87 4 516 230 587 373
88 1 626 168 668 252
88 2 37 163 115 319
88 3 484 176 578 364
89 1 625 165 670 256
89 2 522 208 611 385
90 1 568 218 652 386
90 2 649 314 686 389
91 1 523 170 612 347
91 2 603 201 695 384
91 3 37 167 115 323
92 1 639 212 737 407
92 2 708 278 779 420
93 1 606 71 657 174
93 2 679 242 774 431
94 1 606 73 657 175
94 2 540 158 651 380
94 3 630 195 712 359
95 1 607 71 656 169
95 2 589 272 640 375
95 3 768 271 859 452
95 4 566 185 695 444
96 1 607 71 656 169
96 2 576 122 820 611
97 1 606 70 656 172
97 2 626 176 664 252
97 3 662 294 712 393
98 1 605 68 658 175
98 2 623 168 671 265
98 3 931 344 1004 490
99 1 626 167 673 261
100 1 609 72 658 170
100 2 624 159 671 253
100 3 630 189 661 252
101 1 609 73 657 170
101 2 626 170 670 258
101 3 927 232 1025 428
102 1 609 74 657 171
102 2 628 177 666 253
102 3 34 157 118 324
102 4 1073 359 1109 432
103 1 608 73 657 172
103 2 630 194 659 252
103 3 922 232 1031 450
104 1 608 72 658 172
104 2 987 357 1048 480
105 1 608 75 656 172
105 2 624 160 671 254
105 3 1079 388 1130 491
106 1 609 74 657 170
106 2 624 156 674 255
107 1 609 74 658 173
107 2 627 171 669 255
107 3 33 161 119 332
108 1 609 74 658 173
109 1 609 74 658 173
109 2 626 168 670 256
110 1 609 73 659 173
110 2 627 170 670 256
111 1 609 73 658 172
111 2 627 170 669 255
112 1 609 73 658 172
112 2 67 249 98 311
113 1 608 73 658 172
113 2 625 166 671 259
114 1 611 78 657 170
115 1 610 77 657 171
115 2 630 190 661 253
116 1 610 77 657 171
116 2 630 190 661 253
117 1 609 74 657 171
118 1 608 74 657 172
119 1 609 75 656 170
119 2 725 180 762 255
119 3 624 165 671 259
120 1 610 75 657 169
121 1 609 71 659 170
121 2 626 167 669 252
122 1 626 170 669 255
123 1 609 73 657 170
124 1 609 76 657 173
125 1 630 191 660 251
126 1 626 171 666 251
127 1 609 72 657 169
127 2 623 161 671 257
128 1 608 68 659 171
128 2 305 115 365 235
128 3 622 160 670 257
128 4 713 174 760 268
129 1 622 162 673 265
129 2 71 131 214 416
130 1 609 73 658 172
130 2 670 121 726 233
130 3 623 157 671 254
131 1 515 173 547 237
131 2 622 161 670 258
132 1 617 101 668 204
132 2 610 111 684 259
133 1 437 159 488 262
134 1 609 74 656 168
134 2 461 145 520 263
134 3 622 156 669 251
135 1 473 110 556 276
135 2 34 160 117 326
136 1 624 160 669 250
137 1 608 103 686 259
137 2 624 162 669 252
137 3 124 176 158 244
137 4 558 166 619 288
138 1 574 144 646 289
139 1 620 182 663 268
139 2 596 126 680 293
139 3 100 221 158 338
140
141 1 200 138 254 246
141 2 624 166 668 254
141 3 693 204 743 304
142 1 190 38 297 252
142 2 622 159 669 254
142 3 696 136 793 329
143 1 234 128 300 261
143 2 148 69 231 235
143 3 64 69 161 263
143 4 622 159 669 254
144 1 606 71 656 173
144 2 261 106 329 243
144 3 623 162 669 254
145 1 607 72 656 171
145 2 188 62 290 266
145 3 277 130 347 271
145 4 622 161 669 256
146 1 606 71 657 173
146 2 293 108 371 264
146 3 232 133 302 274
146 4 621 158 671 258
147 1 605 70 657 175
147 2 310 127 388 283
147 3 621 159 670 258
148 1 606 68 656 167
148 2 191 110 278 284
148 3 275 96 361 267
148 4 334 146 402 282
148 5 284 147 354 286
148 6 625 174 664 251
148 7 973 294 1002 352
149 1 605 69 657 173
149 2 200 73 311 294
149 3 627 181 661 251
149 4 624 163 669 254
150 1 226 99 319 286
150 2 607 72 656 171
150 3 513 168 548 239
150 4 623 162 671 258
150 5 380 167 435 277
150 6 342 187 387 277
150 7 986 172 1075 349
151 1 606 71 657 174
151 2 228 76 336 291
151 3 622 160 669 255
152 1 249 89 350 291
152 2 606 71 657 174
152 3 364 121 448 290
152 4 621 157 671 258
152 5 416 147 493 301
153 1 252 29 387 299
153 2 606 70 658 174
153 3 440 141 516 293
153 4 625 174 664 252
153 5 935 282 971 355
154 1 606 70 658 174
154 2 415 136 492 290
154 3 621 155 670 254
154 4 304 114 398 302
154 5 463 144 548 314
155 1 312 16 453 298
155 2 606 70 658 174
155 3 423 97 520 291
155 4 499 160 573 308
155 5 626 176 663 251
155 6 960 239 1005 330
155 7 780 204 853 350
155 8 1010 258 1128 494
156 1 607 72 656 171
156 2 374 125 460 297
156 3 453 136 539 308
156 4 516 136 611 326
156 5 356 74 481 325
156 6 623 164 669 256
157 1 605 70 658 176
157 2 379 53 505 306
157 3 547 155 635 330
157 4 690 137 791 338
157 5 766 179 835 317
158 1 421 121 522 323
158 2 610 75 657 169
158 3 507 135 594 308
158 4 718 126 823 337
158 5 586 152 660 301
159 1 611 74 658 168
159 2 533 121 623 301
159 3 698 128 783 298
159 4 455 126 553 322
159 5 613 164 702 342
159 6 953 239 1041 414
159 7 756 214 879 460
159 8 1061 328 1145 496
160 1 683 105 761 261
160 2 490 133 592 336
160 3 574 139 669 328
160 4 694 176 844 476
160 5 1013 304 1103 484
161 1 612 71 657 161
161 2 689 276 778 453
162 1 546 178 608 302
162 2 32 160 118 332
162 3 624 180 750 432
162 4 928 325 987 444
163 1 563 125 639 277
164 1 507 30 704 424
164 2 536 118 608 262
164 3 561 198 662 400
164 4 700 331 766 462
165 1 510 117 575 248
165 2 458 158 524 291
165 3 530 173 643 398
165 4 775 275 852 429
165 5 642 292 728 464
166 1 490 116 556 250
166 2 422 132 496 281
166 3 508 173 618 393
166 4 735 288 794 407
166 5 612 304 666 413
166 6 720 262 814 450
167 1 558 146 600 230
167 2 547 105 607 226
167 3 465 117 526 241
167 4 756 150 873 385
167 5 479 165 597 401
167 6 601 185 694 371
167 7 690 269 757 403
168 1 428 111 499 253
168 2 464 179 561 373
168 3 569 140 725 452
168 4 552 228 584 291
168 5 381 155 437 268
168 6 594 203 681 376
168 7 970 204 1072 408
168 8 536 280 604 416
169 1 353 160 404 262
169 2 396 113 470 260
169 3 610 77 655 168
169 4 916 157 1031 387
169 5 562 160 675 385
169 6 1072 312 1115 397
170 1 412 40 586 388
170 2 610 75 657 170
170 3 323 109 396 256
170 4 371 122 435 251
170 5 948 177 1066 414
170 6 331 147 387 260
170 7 551 153 640 330
170 8 603 252 662 372
171 1 610 73 657 168
171 2 308 144 361 250
171 3 477 253 541 381
171 4 982 182 1114 446
172 1 609 72 657 168
172 2 624 160 670 253
172 3 90 158 144 267
172 4 510 156 608 352
172 5 309 172 345 245
172 6 1095 407 1125 467
173 1 608 73 656 170
173 2 297 111 358 234
173 3 246 95 320 244
173 4 626 168 668 252
173 5 490 200 574 367
173 6 913 185 1038 436
174 1 607 71 655 168
174 2 266 81 340 228
174 3 232 128 286 237
174 4 621 156 671 256
174 5 933 194 1073 474
174 6 472 227 531 346
175 1 606 71 656 173
175 2 255 112 314 230
175 3 178 173 233 284
175 4 77 151 195 388
175 5 456 226 515 344
175 6 500 246 538 322
175 7 411 250 450 328
176 1 315 140 344 198
176 2 606 70 656 172
176 3 185 119 272 293
176 4 442 197 514 342
176 5 379 171 465 342
176 6 394 219 453 337
177 1 606 71 656 173
177 2 212 147 290 302
177 3 336 81 456 321
177 4 417 127 531 355
177 5 626 179 660 247
177 6 435 202 503 338
177 7 160 160 224 289
177 8 366 199 430 327
178 1 609 74 656 169
178 2 235 146 315 306
178 3 172 159 252 319
178 4 345 162 428 328
178 5 428 216 474 309
178 6 358 214 414 327
179 1 610 76 656 169
179 2 312 133 369 247
179 3 206 149 275 287
179 4 263 157 340 312
179 5 624 163 669 254
179 6 398 186 464 319
180 1 612 82 654 166
180 2 232 140 304 284
180 3 378 152 449 294
180 4 1074 364 1107 430
181 1 603 68 659 180
181 2 314 231 343 290
181 3 623 164 668 254
182 1 603 68 659 180
182 2 197 44 308 265
182 3 214 124 291 277
182 4 122 175 159 250
182 5 626 175 664 252
182 6 351 177 427 328
183 1 605 69 657 173
183 2 250 132 329 291
183 3 78 155 199 398
184 1 167 150 225 267
184 2 238 169 302 296
185 1 604 68 658 177
185 2 219 179 264 269
185 3 122 173 160 249
185 4 624 167 669 257
185 5 481 232 528 327
185 6 374 233 443 371
186 1 606 72 657 174
186 2 188 182 239 285
186 3 625 167 668 252
186 4 245 170 295 272
187 1 604 69 658 178
187 2 623 164 671 260
187 3 217 167 265 264
187 4 479 147 572 333
187 5 556 215 617 338
188 1 607 72 657 173
188 2 505 136 617 359
188 3 583 175 672 352
189 1 606 73 658 176
189 2 628 218 706 373
190 1 765 29 1026 552
190 2 607 74 656 172
190 3 585 163 689 370
190 4 666 206 753 379
191 1 605 71 656 174
191 2 122 175 159 250
191 3 31 167 109 323
191 4 700 204 795 393
192 1 607 76 655 173
192 2 662 198 769 412
192 3 746 233 820 382
193 1 605 69 658 175
193 2 625 168 667 253
193 3 707 176 800 362
193 4 768 220 859 401
194 1 608 72 658 173
194 2 657 148 697 228
194 3 626 172 666 252
194 4 736 185 830 371
195 1 775 185 873 382
195 2 617 136 674 250
195 3 704 250 806 452
196 1 1074 366 1107 432
197 1 611 77 654 162
197 2 122 176 159 251
198 1 609 76 656 171
198 2 541 134 590 233
198 3 625 186 657 251
199 1 513 169 546 235
199 2 623 167 669 260
199 3 584 166 636 270
199 4 934 185 1080 477
199 5 475 340 511 413
200 1 605 72 657 176
200 2 625 173 665 253
201 1 608 76 655 171
201 2 1036 184 1184 481
201 3 623 167 668 257
202 1 607 77 655 173
202 2 623 171 666 257
203 1 607 76 655 172
203 2 625 178 665 257
204 1 606 73 656 173
204 2 623 166 668 255
204 3 474 348 507 414
205 1 606 73 656 173
205 2 626 177 664 254
206 1 605 71 655 172
206 2 623 164 669 256
206 3 1070 358 1108 435
207 1 607 73 656 171
207 2 622 161 668 254
207 3 78 156 199 399
